438	552	162	693
758	275	890	939
140	196	452	22
342	852	265	543
574	448	499	574
376	847	886	886
793	885	296	885
286	263	416	365
606	901	370	901
929	208	929	796
118	993	118	679
88	634	420	634
902	795	826	342
863	863	71	678
109	139	911	585
510	489	639	530
670	185	229	707
832	649	658	596
538	68	460	422
959	712	141	386
603	756	85	847
940	940	883	996
363	308	16	628
387	108	108	754
255	45	470	703
81	936	935	678
609	272	149	149
999	843	455	276
226	730	224	226
705	488	705	440
247	920	801	16
696	854	696	950
343	555	728	343
203	851	112	851
813	414	485	793
964	757	830	637
310	919	857	732
679	727	699	583
11	681	61	11
393	688	237	563
239	343	856	309
709	340	501	433
734	838	734	855
334	228	854	316
123	440	50	288
485	10	10	441
180	18	512	25
266	882	447	682
382	927	445	566
934	189	290	765
104	572	855	94
844	544	922	585
977	341	626	626
822	285	152	777
527	120	90	918
22	714	796	898
289	127	308	981
514	446	73	313
546	287	287	348
776	835	828	945
768	768	819	755
408	909	611	76
909	940	486	668
143	414	708	345
341	598	172	778
130	165	970	165
755	543	815	868
424	360	360	833
642	811	642	476
244	236	150	771
444	170	222	222
84	633	744	360
253	492	49	253
177	177	63	73
696	458	533	647
875	712	301	719
338	831	418	831
150	188	150	5
757	62	211	328
450	418	550	418
410	898	410	366
377	323	116	616
540	197	540	171
819	777	234	777
204	168	655	922
799	862	138	596
774	650	296	22
506	183	647	449
821	396	777	320
692	13	172	692
572	177	572	793
473	324	413	951
667	730	744	481
754	346	532	261
575	307	742	748
969	800	830	708
672	882	446	400
766	294	281	129
7	603	893	7
177	44	836	406
264	936	936	104
808	156	38	36
203	496	260	260
899	899	162	37
117	504	923	472
155	155	821	546
392	347	276	583
385	743	743	999
768	273	278	14
323	198	739	637
879	545	767	510
56	515	705	260
246	246	588	104
966	235	685	72
96	988	164	426
433	453	731	433
456	960	211	211
596	907	38	197
236	800	308	536
276	562	453	276
533	595	147	253
720	972	823	972
2	221	958	221
117	450	27	58
849	217	482	625
324	169	65	938
68	279	223	713
775	767	490	108
238	198	550	418
804	19	464	292
437	291	291	581
54	226	943	691
585	855	222	585
502	307	278	733
428	34	343	2
438	879	900	34
944	707	106	431
101	859	183	715
805	420	608	679
613	86	613	457
111	306	798	92
517	752	44	913
770	791	5	770
191	596	61	748
713	85	165	165
143	926	143	935
870	278	744	628
539	924	998	528
838	75	958	958
166	900	602	835
152	319	254	608
852	447	906	806
970	27	992	836
254	538	758	20
137	799	137	656
786	929	79	344
771	41	514	761
378	300	168	838
782	204	35	421
548	503	671	713
508	929	814	920
674	468	53	468
197	598	959	246
606	578	376	628
265	686	508	258
69	896	700	17
232	398	684	435
160	148	232	347
817	381	499	381
579	961	108	542
9	739	579	937
73	734	608	933
161	795	862	568
672	801	199	801
852	295	585	852
920	211	122	122
860	660	547	110
977	919	928	413
24	83	915	931
915	39	263	808
135	59	473	122
775	675	49	675
522	771	895	28
712	810	712	774
849	504	525	564
375	765	302	397
455	513	381	692
504	490	785	367
996	923	541	819
739	693	756	831
917	745	498	375
314	982	17	723
720	167	642	3
357	969	591	998
531	84	951	278
93	829	796	877
234	917	154	169
564	56	288	950
715	599	51	415
528	873	514	472
496	497	110	110
773	822	510	510
240	59	874	874
920	282	831	282
872	872	538	567
408	568	981	783
529	529	705	990
763	782	791	26
455	866	114	556
997	72	559	82
704	44	872	44
65	746	822	844
600	337	277	600
416	253	808	175
680	259	142	535
224	221	701	938
602	374	122	404
743	456	814	190
568	265	875	875
286	620	444	444
853	40	512	335
993	31	361	445
521	647	235	553
281	305	826	972
1	583	1	976
536	100	263	929
410	410	139	102
939	499	612	208
304	224	344	224
765	945	732	765
37	239	122	239
86	129	312	739
925	234	760	819
243	455	466	917
251	334	386	551
310	735	735	337
274	434	933	162
555	893	336	798
406	909	318	677
363	363	708	365
757	121	883	883
510	65	226	958
82	701	568	393
306	452	674	452
220	359	728	576
84	900	190	849
513	691	234	691
463	871	224	194
748	555	748	803
229	85	82	402
493	925	301	47
611	518	804	558
705	528	293	705
679	894	679	683
309	795	575	746
979	422	308	390
945	150	692	416
954	230	684	230
432	487	115	101
602	291	349	20
197	53	740	53
307	422	617	991
166	555	591	74
136	501	390	254
561	974	708	348
576	770	715	240
449	257	863	371
672	888	759	759
866	617	883	883
447	23	453	156
282	979	153	999
137	257	124	451
677	677	486	518
796	775	689	611
429	249	676	757
616	3	395	467
574	474	468	324
438	44	442	185
926	560	544	866
949	520	949	118
811	811	127	517
863	812	188	512
515	842	306	306
201	837	116	837
693	639	744	511
12	503	113	113
540	603	204	204
122	291	895	291
83	771	897	491
429	569	68	716
558	319	879	662
355	42	916	794
584	584	460	677
995	995	931	642
477	580	425	456
149	599	688	53
391	351	638	344
936	813	27	936
843	650	215	730
286	106	876	628
905	798	470	65
207	854	309	534
399	575	214	205
454	388	381	850
928	468	928	838
854	70	786	411
865	717	213	717
817	25	25	226
155	528	155	430
760	801	317	496
238	273	462	438
888	512	502	564
925	925	363	808
721	742	300	340
609	405	654	991
690	615	560	552
296	296	288	939
594	229	146	352
30	795	578	795
335	474	637	517
795	356	510	817
380	601	380	684
629	384	384	298
219	420	783	666
677	168	980	856
440	573	244	244
458	741	807	274
317	316	317	675
112	153	854	854
996	395	108	512
216	559	862	544
374	209	929	929
295	775	705	295
416	151	647	678
310	168	234	712
536	935	746	746
296	896	791	58
316	754	268	671
92	476	966	476
216	184	934	106
651	965	651	519
918	781	781	773
377	694	82	438
164	164	363	838
127	138	138	503
208	455	208	756
324	348	751	751
509	818	720	124
442	943	114	480
668	657	417	573
984	851	482	601
756	900	680	952
177	565	574	450
566	28	630	371
949	249	436	220
79	560	742	742
124	124	234	172
592	592	237	452
617	153	133	586
210	619	705	979
248	887	887	775
87	61	313	465
395	349	349	829
454	346	346	201
729	519	820	166
613	289	402	767
806	373	915	109
148	201	780	276
813	248	175	175
837	732	199	617
162	162	109	915
88	88	795	996
918	664	246	22
896	896	149	927
648	983	922	969
98	417	517	380
303	156	967	771
494	684	603	603
945	199	836	834
669	955	67	741
371	628	613	212
225	490	277	494
478	818	38	395
696	355	864	226
828	775	263	647
877	966	481	966
133	202	241	851
551	763	126	331
357	851	364	86
422	700	824	700
541	149	146	149
464	597	363	464
491	549	656	736
631	855	488	631
976	145	242	95
140	140	215	171
781	781	95	969
527	245	963	786
775	479	497	659
101	521	425	783
710	919	903	421
107	532	878	356
145	469	133	206
799	837	951	144
750	293	937	457
512	786	475	813
993	611	966	966
642	556	773	156
506	703	497	498
838	281	838	196
672	881	650	853
846	310	614	873
408	635	816	976
194	84	623	884
827	623	35	97
675	391	35	43
237	938	854	780
134	636	424	424
731	234	446	254
946	199	589	569
407	918	918	698
399	515	785	143
961	180	319	14
54	493	790	54
289	453	810	453
879	900	821	858
169	628	594	300
801	87	99	783
142	710	166	490
599	721	721	681
471	154	206	16
274	732	672	947
138	138	803	389
278	772	209	769
546	410	278	868
984	106	239	408
441	319	905	992
601	551	394	926
90	906	558	932
101	24	693	635
264	284	877	235
799	933	711	881
122	696	123	386
958	806	806	534
592	725	611	474
211	239	216	764
930	387	375	897
253	805	952	952
276	276	779	73
939	262	27	641
257	609	671	422
650	127	189	492
894	889	846	638
412	836	894	802
391	471	471	812
388	993	266	433
783	587	622	933
782	68	372	68
266	101	654	353
779	912	884	779
513	908	513	780
599	488	829	236
218	273	505	570
856	279	856	866
695	462	927	462
959	915	723	457
781	51	591	341
269	385	269	435
904	400	44	17
338	365	141	679
364	294	364	839
897	14	148	14
980	856	613	207
515	721	730	232
83	848	209	199
115	955	848	144
56	467	9	647
666	761	869	620
113	473	322	279
135	490	831	909
867	730	61	342
869	165	37	529
841	158	490	490
107	694	7	7
71	281	495	782
121	978	909	978
941	977	646	921
363	126	21	76
446	305	327	543
762	384	608	935
42	13	916	916
306	944	291	616
460	168	544	491
484	892	996	984
10	668	964	214
625	707	114	88
559	339	104	270
177	356	177	350
866	212	809	809
366	531	339	388
360	350	382	331
920	200	198	548
313	529	313	889
609	491	491	822
562	447	935	530
224	514	224	527
466	66	128	753
100	697	319	3
366	921	317	641
818	28	28	899
627	324	924	746
970	326	891	366
251	588	50	476
668	829	381	126
107	442	412	623
845	706	679	679
658	664	140	570
718	386	846	718
274	999	858	111
299	239	519	28
390	893	357	163
805	877	563	590
449	317	579	303
217	863	299	598
960	840	587	683
611	197	816	645
563	116	276	116
802	25	956	802
828	855	939	78
989	989	946	632
800	500	500	389
814	199	589	187
316	163	285	863
946	399	874	435
245	420	501	204
577	577	408	519
922	467	467	799
241	779	937	173
418	112	463	521
546	546	32	984
452	292	997	292
956	518	883	847
108	108	636	405
504	425	273	324
718	494	871	494
691	717	77	691
39	204	199	199
450	795	874	940
81	168	818	81
837	564	71	590
360	989	225	190
544	738	885	561
528	405	528	826
157	798	177	177
899	240	208	49
557	16	432	882
139	113	233	564
786	786	821	841
2	725	484	484
232	485	485	429
10	540	634	158
817	275	587	738
864	13	15	901
312	125	312	739
744	347	985	582
894	859	859	323
346	978	229	229
436	368	20	27
918	403	908	398
111	25	41	300
264	708	735	762
916	924	63	119
727	179	727	612
282	721	721	830
175	666	33	666
164	164	866	19
222	670	357	204
662	396	259	259
748	281	131	131
601	241	502	308
437	400	2	96
831	775	1	160
540	791	607	914
338	359	593	120
551	284	948	551
724	841	57	194
798	575	657	74
460	308	963	306
914	776	302	528
787	135	895	687
287	562	672	74
883	339	919	840
971	748	975	757
414	72	72	743
273	510	691	436
194	399	605	808
997	812	965	481
768	154	768	245
852	83	673	673
327	546	388	649
65	37	772	65
211	549	367	982
333	194	147	576
415	472	188	410
672	571	270	883
483	984	953	864
380	895	711	380
623	137	623	585
12	326	908	629
226	595	414	435
92	56	585	56
16	256	914	914
789	393	418	146
175	248	897	248
28	814	672	796
152	852	899	539
509	950	774	815
355	489	596	241
482	904	336	189
1	975	963	995
975	975	269	449
468	765	285	399
350	983	86	301
906	822	940	528
612	612	349	175
218	386	811	59
26	79	454	454
585	584	98	584
942	162	175	540
924	857	857	437
873	623	701	805
146	127	527	973
908	596	78	666
350	741	740	898
450	612	502	799
436	393	436	176
720	595	393	649
954	574	851	954
548	64	607	862
880	947	880	689
431	431	480	718
234	778	478	846
7	7	688	617
270	992	513	418
913	543	712	2
800	800	265	790
910	639	359	476
871	807	90	323
886	388	718	648
41	203	609	183
138	932	138	24
409	989	734	107
537	986	378	935
65	522	711	248
4	427	279	769
476	986	363	900
441	305	888	874
872	705	705	800
77	883	883	671
714	968	714	245
802	500	905	277
684	351	772	779
971	832	832	103
38	822	286	286
19	832	828	456
154	288	34	680
82	377	82	432
52	868	184	936
158	729	276	724
818	679	385	98
210	188	689	188
630	459	43	65
812	631	324	513
173	83	83	727
576	342	139	852
475	285	714	714
254	726	27	796
510	761	216	388
741	362	186	461
893	420	685	685
625	116	643	654
590	574	162	218
230	614	614	965
427	137	137	802
556	144	830	619
326	311	881	881
234	274	73	683
243	446	609	359
818	540	494	711
112	860	945	39
938	119	938	112
788	599	180	968
602	591	330	795
415	122	746	717
435	149	433	779
76	601	950	193
654	753	295	200
186	745	644	815
713	991	688	291
886	617	374	172
72	992	72	815
411	411	722	510
14	14	398	672
899	483	843	639
958	158	230	840
125	684	258	204
921	64	64	892
520	520	800	980
14	498	356	461
577	279	565	353
960	274	202	198
356	475	526	350
39	215	619	410
686	776	99	776
84	444	942	873
867	617	806	696
734	344	920	616
477	35	529	474
684	755	731	232
812	507	33	857
21	21	729	878
15	450	156	663
859	146	146	156
206	760	306	296
991	331	752	752
686	663	162	25
912	912	2	80
6	990	886	247
824	379	163	484
436	608	653	680
30	322	336	684
961	960	574	226
22	749	749	993
114	706	600	455
756	292	874	196
303	662	455	959
344	353	431	794
937	135	377	587
619	630	304	159
960	736	908	433
866	976	758	225
379	900	26	785
436	28	365	603
537	40	922	676
48	68	212	391
614	416	773	918
99	213	901	993
908	850	908	914
471	988	192	234
698	419	742	521
147	329	954	147
493	277	391	246
282	533	189	814
489	128	406	541
161	217	157	306
639	123	852	123
362	783	502	959
582	234	582	636
273	427	499	733
770	646	851	932
300	409	248	958
710	407	932	984
819	152	430	164
844	927	71	871
945	565	196	107
591	258	591	944
73	618	313	313
842	81	419	228
813	140	140	732
362	24	974	653
471	738	485	448
616	285	650	68
556	507	763	507
574	783	517	538
109	915	894	282
189	341	68	435
249	236	682	128
507	14	702	140
494	305	451	143
488	990	694	380
66	275	922	66
289	289	689	152
91	664	859	379
704	456	201	787
526	841	841	359
259	660	206	870
455	107	506	596
802	966	788	870
314	847	360	766
945	285	620	407
365	110	713	406
180	328	271	108
290	99	114	261
541	851	21	21
495	257	257	834
348	365	167	167
853	720	69	399
376	157	977	215
556	556	163	998
849	168	542	824
459	184	298	604
514	869	101	487
903	93	585	818
338	144	331	468
806	160	290	693
760	445	464	875
728	688	613	81
275	206	129	206
227	502	599	62
20	789	674	401
194	194	324	967
312	251	42	312
996	570	440	996
659	710	676	676
518	518	269	321
128	199	384	28
89	299	299	748
678	811	187	86
461	636	322	633
899	603	434	418
427	796	687	369
820	749	406	78
632	899	635	275
58	954	226	999
664	317	824	117
547	898	957	547
279	461	301	793
48	392	48	765
852	366	336	344
63	955	929	243
874	372	562	663
78	562	394	503
152	82	795	69
711	802	783	251
41	237	255	816
376	965	166	870
515	589	577	264
42	89	959	731
134	972	333	511
479	721	526	109
138	912	953	138
436	952	918	430
616	994	431	118
801	886	533	533
1	645	567	345
84	538	343	471
334	956	973	23
811	561	842	953
540	671	671	203
847	899	732	791
330	848	330	368
880	829	998	598
886	422	732	204
600	79	46	152
278	101	980	350
702	703	703	776
314	327	690	486
197	916	864	757
180	944	862	864
328	381	348	348
375	595	268	134
26	465	564	336
715	795	795	511
610	623	162	895
171	522	667	311
282	816	314	77
404	727	337	337
318	942	803	803
817	676	163	189
435	310	90	947
406	476	110	403
644	126	186	877
101	444	444	516
165	207	940	244
859	160	745	317
485	444	842	590
724	54	54	66
104	342	142	656
255	40	208	941
43	361	388	909
4	678	182	109
451	331	903	903
2	358	377	571
444	444	648	201
757	254	254	907
859	49	781	678
467	403	830	923
726	726	350	147
514	491	24	107
104	411	411	69
134	208	208	838
32	40	40	388
524	482	466	741
681	513	513	601
793	352	155	439
886	482	800	70
220	365	166	19
813	293	613	248
508	42	986	682
158	815	575	50
23	854	529	344
487	386	179	734
562	301	301	617
71	882	329	515
762	549	224	359
214	324	865	598
163	233	531	616
675	983	675	459
493	165	840	165
560	800	946	6
189	638	638	303
313	325	487	25
255	824	761	547
98	98	538	552
753	11	430	430
587	317	304	308
325	696	887	409
995	91	957	91
571	43	590	796
822	919	223	234
910	421	709	188
738	454	188	180
913	316	70	549
161	740	365	386
26	514	538	242
754	741	741	115
75	811	376	162
84	812	495	836
887	955	887	505
920	844	410	540
449	180	484	948
227	267	145	987
952	703	724	221
557	34	788	920
697	842	105	164
813	758	815	393
801	677	803	244
310	111	94	948
316	480	914	902
436	49	423	549
976	741	933	793
55	537	13	221
663	826	384	617
953	621	621	121
938	938	239	196
874	390	903	893
323	643	580	953
311	316	600	776
290	689	181	373
811	824	857	383
300	79	654	873
673	175	873	131
17	216	203	987
29	29	78	713
220	137	764	863
775	339	427	837
752	49	336	336
54	580	825	389
391	188	1	650
554	27	468	572
17	186	186	292
581	806	379	581
392	955	291	147
758	306	429	894
442	68	879	879
280	962	572	800
851	919	851	567
883	416	908	883
860	206	26	740
823	40	648	40
595	858	910	595
73	57	84	645
418	418	798	30
927	452	792	452
927	212	227	227
453	134	986	530
153	899	746	153
789	735	964	735
259	842	31	862
502	751	92	92
639	531	873	614
747	658	126	43
666	64	64	65
480	892	480	456
922	495	176	354
243	951	951	244
816	521	148	148
22	234	877	877
318	46	989	318
486	995	108	108
519	500	851	785
833	26	958	612
33	465	291	460
902	86	247	269
978	855	523	930
159	644	364	443
722	702	702	781
197	732	993	530
132	634	900	267
129	129	186	259
4	601	711	411
686	767	888	200
394	609	307	299
435	844	896	913
748	66	213	273
238	529	146	789
875	444	27	106
357	835	530	284
453	453	288	444
968	166	543	706
68	858	68	348
242	651	651	668
502	645	240	804
37	457	975	457
310	969	310	354
466	381	919	151
810	810	145	104
306	827	655	534
84	59	388	281
525	211	880	525
183	807	364	275
974	578	711	674
692	625	852	893
460	99	190	776
441	368	928	96
53	800	747	629
750	662	286	286
143	607	607	648
781	832	729	861
360	371	175	175
593	159	546	888
965	221	221	573
5	65	7	905
812	56	765	866
73	122	836	816
916	158	224	223
593	922	582	416
34	54	579	740
537	653	975	851
979	335	388	532
838	306	838	301
797	916	365	946
889	889	891	838
107	779	632	580
906	744	594	427
641	894	280	318
43	535	46	669
882	991	612	614
510	613	554	493
333	855	888	239
180	164	164	95
732	262	454	302
955	710	275	487
188	244	444	52
855	159	612	651
204	208	765	204
897	498	736	197
311	835	36	364
708	708	3	770
170	688	387	968
831	686	831	167
14	584	237	584
330	987	987	925
587	604	84	604
374	374	149	452
787	471	128	187
638	88	506	564
743	800	978	684
932	55	190	932
267	552	521	705
2	461	481	615
28	452	555	28
984	574	947	212
675	366	676	660
299	614	299	500
407	960	338	819
425	436	870	565
375	187	629	375
362	718	227	158
537	173	537	989
824	66	25	399
789	616	148	991
21	984	801	687
351	821	797	869
206	60	41	904
686	326	326	478
124	247	852	247
385	909	580	772
210	996	228	261
557	720	642	366
752	656	656	898
277	810	760	277
406	656	408	194
894	249	894	877
513	613	77	778
40	886	702	133
750	692	983	291
927	294	474	927
589	901	903	372
331	488	331	540
999	413	970	542
531	405	419	405
131	489	171	341
189	974	543	974
149	33	190	179
298	778	40	262
49	795	144	49
136	327	445	136
200	738	758	200
728	850	234	850
912	423	917	559
231	231	735	800
944	121	144	121
888	909	293	384
632	596	596	758
10	719	10	604
78	783	898	163
973	700	355	811
37	658	89	734
839	185	185	557
417	70	701	794
66	447	658	272
56	954	580	704
142	983	3	483
991	376	946	33
503	833	119	499
763	342	367	344
885	644	644	476
17	778	261	801
508	698	508	428
963	751	491	491
30	71	184	826
589	345	699	25
52	125	53	52
534	44	808	400
16	832	546	935
645	633	835	233
737	118	513	188
122	160	507	848
266	986	67	660
133	914	275	500
133	254	458	337
182	182	487	805
973	144	50	636
408	426	45	851
488	119	390	373
811	361	860	742
88	855	779	725
413	789	649	641
962	568	465	465
610	299	218	714
185	385	645	385
720	884	325	323
309	78	309	894
748	739	619	739
49	365	660	660
404	174	859	53
245	310	471	471
456	456	347	747
749	740	920	4
187	999	295	774
413	815	498	967
671	524	970	200
830	640	675	214
8	678	575	626
940	652	438	34
416	564	52	134
544	915	544	294
237	72	569	442
587	522	587	12
865	78	276	673
605	746	746	473
899	630	704	899
818	668	58	283
973	338	632	338
55	227	913	438
549	941	147	274
428	182	906	313
851	371	727	35
537	168	537	628
433	291	291	113
514	932	764	764
990	395	833	617
111	873	573	83
752	130	703	602
937	47	197	906
168	602	665	602
910	772	400	710
502	514	378	514
69	69	168	254
374	682	374	931
752	447	625	112
466	436	442	144
24	412	444	827
60	109	784	60
820	365	819	648
200	96	260	50
439	291	526	935
625	821	625	623
419	228	85	787
83	591	920	462
456	998	906	906
361	546	546	931
366	455	859	258
485	582	693	644
625	177	34	856
468	144	398	273
824	114	114	131
973	840	415	413
897	676	871	163
59	750	28	717
261	189	50	345
41	869	376	41
92	89	92	217
841	586	105	625
603	819	676	259
917	558	994	678
279	602	52	728
55	816	816	528
233	629	635	250
561	320	341	649
962	96	540	235
73	474	547	480
644	165	627	8
825	277	943	771
514	210	250	792
629	331	159	629
615	155	61	155
673	604	164	27
933	537	978	834
666	477	101	391
233	585	617	612
426	76	64	862
635	898	651	422
233	214	249	590
560	333	167	333
650	650	907	351
473	443	108	260
659	652	380	506
559	842	117	557
488	186	739	171
540	466	487	510
979	839	440	29
31	101	759	269
451	27	608	4
384	937	105	881
429	362	773	615
173	944	429	690
673	689	859	689
694	563	695	432
580	891	681	102
734	734	63	703
489	732	654	455
803	853	646	619
951	365	882	434
530	846	553	850
151	692	698	842
958	435	92	817
428	229	490	777
362	789	948	734
595	881	939	881
108	199	376	332
94	340	578	340
997	364	254	426
774	590	944	220
717	294	294	591
492	745	846	330
868	482	482	419
30	23	30	403
115	115	712	530
99	303	644	165
559	859	150	643
653	586	237	865
358	299	358	944
905	399	693	311
68	93	526	938
787	326	98	326
367	652	72	630
553	50	401	154
72	419	124	58
948	781	474	28
282	279	279	691
776	495	149	71
306	273	119	766
312	473	312	171
76	349	76	690
217	151	357	553
778	348	574	974
24	392	567	144
863	609	791	524
874	813	745	961
879	178	178	915
702	149	94	738
803	921	803	337
526	523	355	664
768	424	432	775
495	870	313	504
359	901	656	901
653	623	77	653
218	21	48	218
714	102	123	676
577	751	473	864
400	234	484	598
147	269	272	669
628	575	575	527
248	511	472	15
507	509	742	385
120	539	580	470
961	140	143	788
551	313	794	434
298	877	386	298
27	558	311	717
375	923	713	988
771	198	127	771
304	979	754	304
965	965	942	942
704	430	401	112
218	159	778	960
443	64	689	858
396	96	648	96
970	421	30	294
676	935	79	169
636	798	928	642
908	19	556	209
626	941	819	169
942	503	358	694
708	691	806	146
46	177	32	32
104	794	412	794
411	702	418	2
732	297	653	732
341	119	229	79
576	723	128	576
873	873	220	77
52	739	832	854
800	971	612	201
582	129	222	184
741	929	929	613
919	973	579	510
943	865	253	865
456	886	433	446
196	980	187	887
404	41	741	687
616	784	891	891
128	334	325	930
303	159	527	205
383	437	291	713
568	991	743	917
451	451	623	896
174	64	397	69
462	762	271	933
701	34	225	34
738	985	44	281
406	746	781	705
209	529	634	688
541	740	458	206
160	17	369	195
285	513	932	513
32	212	150	737
17	417	17	654
469	931	867	577
311	454	311	82
682	405	896	772
622	490	112	622
231	477	20	270
179	164	48	267
927	472	83	947
76	570	630	919
894	760	674	518
490	90	657	765
666	870	441	517
781	555	591	401
697	802	616	802
60	906	650	906
852	989	398	225
433	589	995	445
134	967	134	597
981	733	730	929
505	36	418	496
815	183	839	424
219	834	834	921
926	352	702	839
959	525	64	525
395	261	880	261
517	86	645	434
895	432	23	865
587	375	879	851
452	217	217	340
138	295	960	295
807	108	18	738
77	165	704	765
683	275	930	328
218	884	789	789
639	815	918	653
313	848	426	995
137	978	956	137
189	232	684	364
268	412	268	483
118	576	466	553
651	143	581	581
191	452	641	523
178	269	482	162
857	488	936	958
585	29	946	946
893	745	745	849
980	250	538	980
542	219	701	42
249	407	249	181
290	589	746	505
354	131	561	253
681	498	47	975
782	648	666	765
838	838	1	949
50	786	485	905
630	573	630	899
852	527	599	204
704	964	9	311
702	477	289	576
117	352	40	670
977	675	721	700
623	922	685	394
47	254	182	362
199	845	356	356
807	524	540	249
924	803	28	580
487	178	178	713
111	111	540	531
195	235	469	235
51	805	532	532
981	981	283	170
995	948	311	583
558	11	11	965
632	632	115	340
986	877	62	330
980	254	532	336
200	413	446	729
60	60	683	666
523	520	423	141
138	928	138	94
458	733	733	566
878	706	633	948
648	950	11	648
928	859	120	834
897	70	70	851
938	522	174	425
763	686	485	560
277	471	471	798
594	868	112	648
932	242	722	810
545	150	71	545
430	801	285	801
223	331	944	51
727	239	6	289
292	715	320	682
670	71	670	237
490	490	710	390
352	876	758	388
235	553	713	235
631	285	597	681
336	325	158	670
290	290	613	578
954	678	678	982
683	443	769	521
434	78	434	231
429	643	664	855
231	231	746	28
864	59	876	558
694	28	344	798
567	498	410	533
751	623	17	615
858	165	141	256
101	410	117	377
543	961	308	637
300	302	772	469
53	262	741	997
254	838	241	724
517	246	13	930
475	475	963	410
537	873	200	127
430	554	254	416
738	893	419	863
439	673	767	99
929	274	846	415
471	549	608	666
827	329	513	509
893	925	893	893
275	897	191	768
29	425	11	428
815	724	793	584
35	35	599	370
118	419	65	164
773	809	4	773
957	517	775	390
451	451	528	389
865	499	105	457
427	595	270	843
341	40	376	228
505	678	602	7
539	435	273	5
551	249	402	249
541	627	541	426
337	131	131	951
694	458	984	206
479	967	686	967
825	534	164	857
770	88	981	770
14	798	543	651
870	812	393	810
437	257	25	92
216	476	103	349
905	335	1	905
418	998	544	418
28	28	122	215
340	436	265	170
179	36	261	430
221	578	94	315
312	629	841	187
608	834	274	114
959	293	464	125
341	121	357	113
327	327	934	384
950	771	494	950
266	862	462	266
316	431	533	156
514	108	108	31
172	477	126	920
420	583	420	316
618	900	658	745
267	469	264	144
846	84	956	551
391	870	507	391
663	500	641	500
563	738	676	100
793	190	511	161
774	437	224	679
871	871	26	742
738	246	246	826
22	405	22	776
627	954	622	466
267	648	315	404
909	919	643	643
491	955	187	461
97	240	229	705
301	770	569	830
837	572	572	198
966	44	567	39
704	867	867	234
14	348	654	571
134	42	42	499
580	697	116	697
49	214	81	81
928	64	32	979
288	288	829	830
348	621	845	809
546	445	340	531
405	584	9	549
992	486	860	842
476	168	349	856
357	145	370	234
751	751	778	348
475	170	832	832
519	78	292	215
240	654	301	91
601	412	601	900
514	148	339	429
921	333	375	620
641	446	39	69
255	917	33	768
610	980	102	240
616	463	82	275
821	523	961	549
696	898	521	112
501	338	142	953
646	138	750	484
429	429	982	45
110	409	854	711
105	12	526	12
919	742	94	610
582	567	532	610
703	875	723	637
710	588	710	404
741	690	126	806
866	89	445	794
562	561	869	936
700	749	746	15
711	431	743	51
931	985	931	61
455	121	779	209
946	946	688	970
719	730	735	111
320	920	652	554
305	554	916	940
773	854	773	850
637	894	832	16
419	47	709	254
37	719	37	575
450	676	450	451
294	367	294	299
543	92	887	493
55	128	341	852
573	458	943	394
527	384	230	527
342	896	206	472
196	657	196	773
452	452	551	741
317	108	958	665
647	99	619	325
388	921	781	188
729	591	884	884
872	403	572	428
843	486	526	510
206	282	559	184
381	565	381	867
779	580	856	677
581	795	559	581
174	311	613	311
149	940	296	296
639	26	962	26
222	568	543	122
513	767	396	396
935	66	915	924
225	284	521	267
772	677	67	67
85	691	691	629
950	357	7	798
948	218	218	142
42	42	93	147
457	282	515	958
630	673	63	63
842	458	863	751
715	751	672	95
497	119	119	435
757	911	911	13
372	589	372	250
563	452	109	109
928	790	790	489
46	325	46	973
729	491	729	628
966	696	612	140
102	184	28	963
349	648	349	244
128	585	203	203
913	647	277	839
387	932	540	51
535	890	190	232
510	317	835	25
680	55	647	610
51	691	95	490
621	621	583	537
586	586	303	503
519	988	670	791
769	119	516	948
809	130	977	829
497	397	397	718
315	414	990	185
12	852	12	463
442	749	18	881
857	136	136	290
588	22	42	298
141	876	580	917
984	531	423	1
271	623	213	271
625	256	625	262
440	929	945	248
432	66	638	202
36	378	546	770
890	415	675	154
491	936	967	106
894	292	894	722
240	507	775	68
431	871	368	322
169	265	265	94
803	747	872	872
962	962	301	747
331	346	328	38
615	399	693	983
233	479	649	618
962	254	239	775
53	752	2	2
80	849	28	20
336	406	38	695
752	989	596	951
455	327	633	549
915	298	110	950
580	529	596	973
392	72	763	878
267	410	671	253
498	546	343	721
239	887	95	174
685	858	685	939
405	405	39	357
329	662	91	117
404	575	903	237
129	380	892	110
833	333	34	506
995	916	604	828
350	252	252	863
709	989	834	515
275	187	418	24
134	341	672	771
487	6	539	580
817	850	138	119
573	212	400	400
761	304	357	761
240	991	633	341
151	162	873	801
73	404	999	778
334	951	334	19
348	343	892	525
749	413	455	82
525	129	478	369
892	406	340	333
279	419	187	279
948	26	573	500
861	115	55	864
431	676	245	676
942	198	64	942
473	867	593	622
560	193	210	559
316	323	316	656
930	731	897	386
158	110	725	110
750	769	490	998
879	469	888	80
491	528	491	746
138	790	822	53
432	704	741	293
359	821	707	499
101	789	438	225
544	915	448	565
202	797	557	70
334	277	181	347
941	794	227	794
942	983	401	743
64	382	447	447
695	695	990	417
962	932	35	98
209	641	372	957
96	512	961	275
128	83	74	180
814	561	225	225
477	300	300	799
964	506	933	678
314	74	340	68
37	715	927	715
983	636	89	187
592	235	160	362
680	136	752	136
646	70	248	957
607	172	959	48
32	307	832	32
793	888	543	347
554	322	344	522
834	834	657	52
912	338	974	473
274	116	755	785
351	962	113	829
834	192	560	192
942	385	985	224
58	311	394	279
895	525	295	216
981	762	858	506
754	362	57	188
466	534	218	510
753	865	794	753
782	44	321	44
509	120	931	815
273	642	257	678
851	248	242	219
640	853	331	583
18	345	62	62
177	909	518	803
915	153	915	562
100	514	877	9
872	917	634	872
650	314	34	34
325	908	339	149
295	28	28	732
818	359	995	620
635	703	635	648
397	82	452	792
812	812	801	136
350	294	996	284
313	312	358	774
559	381	645	811
818	899	606	179
17	406	17	822
746	746	817	757
16	277	249	929
827	995	391	132
486	861	886	98
481	163	932	60
870	103	490	954
411	239	527	524
782	475	774	988
172	717	172	648
780	60	750	451
719	150	995	662
399	452	106	677
80	321	919	974
969	679	629	134
358	16	560	842
877	598	927	79
63	619	400	159
826	186	742	862
129	503	704	542
929	234	41	555
18	904	492	128
860	990	447	447
812	900	26	324
204	464	430	274
883	36	405	702
712	538	207	610
159	159	652	720
372	43	803	292
39	200	11	469
618	939	589	702
905	905	396	276
275	787	725	543
335	14	981	676
925	504	202	925
676	870	212	605
317	720	545	545
169	980	774	798
227	777	618	386
146	214	923	214
914	779	339	124
961	778	601	778
915	477	531	135
498	674	781	450
970	648	987	987
689	649	219	14
604	265	804	46
92	293	293	342
199	560	509	899
401	884	582	366
869	474	544	280
114	722	134	809
164	744	50	8
104	320	38	372
188	392	762	244
831	197	576	45
466	915	321	211
773	814	669	719
900	886	329	997
47	577	425	577
973	792	439	641
62	62	687	687
445	834	445	925
505	358	296	445
932	438	932	463
865	554	503	865
699	907	365	424
758	280	58	58
531	746	332	332
928	921	68	2
838	157	688	354
502	945	765	421
416	673	117	117
670	477	639	119
25	738	540	777
897	655	141	897
870	666	992	689
327	372	677	67
538	560	678	203
367	20	537	468
769	862	757	769
743	567	898	554
941	543	304	304
491	198	372	35
461	955	799	317
714	389	820	381
340	343	340	581
348	696	696	427
47	875	378	589
820	775	90	972
305	986	15	34
766	611	602	265
309	309	496	18
147	847	956	147
96	227	198	358
235	735	379	119
319	493	760	266
811	53	133	342
661	623	400	623
368	822	686	368
520	684	520	553
425	605	173	806
925	211	817	534
621	558	151	47
272	179	272	385
21	310	33	606
951	48	115	791
30	559	50	889
996	645	845	746
194	679	317	831
688	960	620	697
839	474	873	577
415	203	733	733
172	975	59	172
680	327	662	817
210	210	863	330
564	74	564	186
232	892	412	549
481	366	264	679
614	94	986	94
477	396	782	206
878	250	485	145
703	667	676	369
907	747	666	59
199	638	229	199
589	589	585	10
426	271	476	706
946	946	877	531
215	717	59	215
811	232	523	232
919	595	127	826
699	941	263	702
456	75	142	75
716	729	147	288
949	236	229	77
513	513	553	956
909	362	163	890
513	68	313	724
162	926	475	80
671	975	603	603
124	975	683	731
851	592	894	504
358	41	704	621
95	729	95	895
569	488	569	915
562	750	972	837
68	166	68	47
212	660	102	154
671	58	992	190
845	500	500	685
241	805	35	555
532	273	161	92
332	144	348	319
244	10	908	911
437	67	611	397
665	499	742	642
341	531	191	191
38	154	720	365
529	268	661	529
484	705	206	697
633	444	163	298
644	644	591	610
904	109	496	688
311	660	660	941
364	829	299	829
111	443	646	111
128	414	414	375
621	486	441	621
507	318	283	274
576	675	896	609
532	651	210	651
267	594	138	332
963	102	485	214
343	768	422	543
231	231	715	532
100	347	4	347
57	746	952	57
830	15	15	906
827	391	526	63
706	750	428	651
999	552	921	32
597	367	933	779
206	821	654	119
825	436	182	9
768	741	768	269
491	605	663	663
106	326	115	28
884	727	648	649
688	178	742	178
223	407	753	808
28	349	404	8
465	915	465	259
41	328	194	858
609	182	483	261
292	64	56	819
572	743	520	10
930	136	483	923
553	740	797	553
533	348	348	392
116	480	629	480
147	369	147	942
841	657	239	423
260	260	263	133
920	979	391	960
309	723	547	950
777	743	293	703
363	560	624	536
407	55	193	941
671	881	250	449
37	920	920	742
920	129	48	129
74	74	972	544
809	248	809	872
424	684	769	491
991	205	890	902
140	611	140	497
984	166	827	166
910	814	40	805
267	888	621	930
649	576	240	240
996	218	56	617
46	951	4	233
515	186	628	269
183	665	665	589
168	884	674	156
300	430	929	998
747	880	567	747
540	424	438	500
701	879	249	768
486	424	486	970
308	256	695	534
244	244	410	233
252	576	895	695
759	490	968	559
307	307	583	1
201	173	173	603
316	456	14	33
695	127	134	615
219	500	318	318
68	257	265	68
595	703	776	595
736	823	807	661
637	577	876	577
10	768	428	969
229	376	152	578
525	348	804	348
713	281	315	760
411	333	676	333
525	803	979	487
62	107	62	46
21	961	541	954
780	598	388	492
487	398	717	494
452	531	142	810
269	415	269	778
158	427	459	176
47	196	28	15
255	797	809	808
340	959	599	873
759	334	766	261
648	636	750	812
261	454	320	159
160	403	152	550
943	444	397	504
454	478	233	683
84	231	636	696
902	916	484	705
980	300	779	644
982	347	552	222
401	126	401	275
73	251	684	73
47	856	598	598
91	635	635	412
320	482	482	652
88	711	19	954
225	851	381	773
97	382	134	97
390	525	859	390
342	342	129	889
890	288	195	318
561	669	876	170
160	843	61	816
782	569	637	398
533	533	610	733
122	303	976	497
3	839	933	282
623	756	444	117
358	804	876	240
154	154	816	54
945	682	247	390
994	990	301	556
787	396	746	396
697	925	833	25
537	477	686	773
577	737	827	410
82	222	222	27
718	628	653	384
228	439	989	439
858	746	551	582
377	853	580	366
451	569	774	240
486	976	626	139
392	359	367	359
76	733	355	762
308	465	717	447
6	101	280	61
38	984	199	585
378	390	623	201
785	667	110	110
151	50	50	542
136	136	416	207
449	166	299	449
689	326	485	485
309	88	969	617
740	467	774	531
329	710	376	355
853	535	347	997
681	682	738	354
862	708	708	190
912	746	92	759
41	463	607	41
316	316	748	266
510	566	622	146
56	494	620	31
237	308	107	52
913	4	157	836
185	525	284	185
905	95	189	665
376	330	617	748
124	249	790	478
83	143	839	798
49	203	49	105
634	172	720	297
309	670	309	79
625	156	942	511
213	466	563	285
919	476	476	839
806	592	592	919
480	745	278	278
633	54	447	507
686	315	901	684
132	816	937	200
664	329	512	837
47	506	47	771
841	898	836	528
182	974	764	656
844	444	537	641
772	267	630	7
442	215	853	219
204	905	905	556
251	542	280	332
911	483	614	911
33	968	177	657
296	319	68	443
587	430	587	867
503	402	569	503
437	544	232	854
766	329	662	766
169	995	64	64
388	167	133	132
806	831	399	399
731	182	38	566
364	700	548	915
108	120	981	768
249	121	218	236
770	867	945	948
640	640	202	10
84	461	282	736
192	374	857	125
691	95	326	826
690	326	456	738
15	966	64	966
554	169	169	347
249	401	968	968
718	147	776	510
531	38	38	354
979	29	996	522
465	504	505	505
39	444	753	96
124	275	496	782
562	515	898	729
44	391	151	609
369	495	220	369
407	219	136	968
853	787	762	902
16	101	157	627
915	841	352	928
468	784	543	134
767	826	132	417
400	140	544	22
200	430	237	293
314	714	609	361
476	253	547	902
640	217	455	221
247	247	753	3
766	662	456	743
29	850	656	690
914	456	239	421
305	530	449	621
731	810	810	743
665	324	906	142
361	129	53	206
358	18	827	770
556	556	21	793
913	913	805	524
383	686	6	550
630	273	26	912
168	954	954	108
307	283	567	307
182	501	83	943
171	171	527	110
918	287	114	140
412	116	478	346
431	82	81	836
955	296	855	855
752	752	650	876
181	181	750	69
982	55	117	373
72	72	685	418
588	294	958	958
671	21	21	131
487	699	218	487
744	505	884	808
51	868	337	942
820	70	387	132
581	952	529	132
352	159	308	408
602	400	777	862
212	204	212	861
400	936	400	365
151	542	479	282
476	243	697	943
306	77	416	737
879	879	756	254
616	236	92	450
342	146	95	415
551	229	551	213
827	672	279	369
102	959	496	897
187	74	74	752
698	930	698	830
443	602	612	443
225	772	634	111
115	285	894	253
267	78	762	184
806	943	587	873
961	961	276	746
9	888	685	685
902	906	116	905
527	796	18	22
398	21	21	842
177	432	971	32
837	612	726	726
57	908	440	152
643	598	642	598
208	678	385	394
226	64	957	335
520	540	648	540
805	752	302	148
587	719	430	97
347	985	347	859
49	218	433	170
201	783	783	360
472	77	833	472
288	617	851	276
171	75	267	834
980	646	987	117
657	174	805	810
158	829	450	326
685	658	365	279
835	726	574	191
671	731	358	731
230	221	764	639
289	516	494	706
756	756	866	50
99	569	152	429
280	271	350	728
66	233	552	464
578	569	444	757
16	278	818	872
759	205	733	670
177	247	71	71
282	132	939	871
188	324	958	558
565	562	472	731
857	314	804	162
677	788	679	580
592	420	400	518
627	380	102	832
993	888	901	56
97	824	128	97
668	326	942	254
101	776	776	807
516	674	516	264
145	992	348	328
9	441	241	9
877	820	820	443
446	446	733	848
384	987	384	184
816	272	711	672
370	370	352	534
749	55	881	402
614	641	442	203
400	955	304	418
205	775	205	946
807	946	270	583
945	642	424	164
326	23	728	606
811	586	968	990
559	504	45	901
330	424	11	773
366	123	221	553
720	174	704	336
4	866	581	777
855	637	470	953
260	247	612	391
549	390	192	824
270	467	139	145
390	742	563	563
838	132	751	413
813	704	586	5
135	621	621	388
813	251	42	251
654	369	470	610
884	504	884	413
839	868	564	192
607	36	308	557
879	303	784	673
643	252	316	832
14	304	77	77
261	563	264	556
553	807	438	959
32	32	486	520
156	109	204	878
269	984	914	697
274	816	274	697
658	103	105	780
36	946	636	933
952	15	298	298
857	159	844	325
166	599	308	564
700	606	71	700
806	870	695	16
485	850	883	468
117	326	708	371
622	363	71	255
815	906	932	321
294	549	230	576
965	105	616	205
370	387	884	166
32	89	32	810
716	572	694	572
133	886	675	265
492	790	874	370
412	676	551	757
19	427	202	495
958	707	684	889
326	326	679	326
172	659	868	921
676	412	988	206
587	209	555	959
446	822	372	432
789	472	472	232
641	289	186	580
732	968	166	896
58	446	116	385
197	828	360	84
322	965	204	322
810	737	633	590
842	722	946	778
244	448	184	831
665	372	477	768
875	875	387	706
55	989	196	909
887	887	851	170
506	941	542	689
320	567	277	42
191	890	977	977
744	227	227	933
92	262	856	313
214	445	686	277
998	110	142	778
25	108	490	935
768	243	122	445
141	960	141	906
960	609	326	56
561	671	671	393
81	514	874	216
30	663	35	458
106	152	106	147
79	765	79	393
819	530	443	530
432	155	429	582
769	633	272	666
221	697	283	474
595	795	222	22
807	207	800	807
928	963	350	703
91	838	626	878
140	227	227	963
461	191	847	156
10	47	982	47
590	214	895	580
340	959	955	433
190	909	190	798
453	746	293	312
840	83	775	7
361	323	397	361
853	195	234	956
348	89	838	138
648	951	888	230
137	137	783	76
15	146	778	317
137	137	420	689
21	611	611	290
142	626	142	262
880	201	390	640
502	698	698	932
616	577	801	858
211	304	634	304
521	150	786	513
343	223	223	639
179	774	318	318
325	934	932	853
962	223	170	909
670	417	150	641
823	972	219	22
945	861	445	728
286	627	252	265
525	525	391	423
591	155	155	158
809	734	958	809
761	856	289	959
457	741	366	475
474	301	848	683
782	537	423	423
804	158	158	226
319	793	782	790
296	259	647	58
294	365	656	605
205	201	532	73
228	231	662	228
33	759	797	586
98	900	226	316
986	754	339	124
311	649	184	630
359	359	408	620
212	212	663	38
941	589	563	557
67	521	594	382
631	484	23	458
652	176	48	51
82	70	149	787
397	732	504	16
795	493	795	507
852	777	263	263
941	422	934	412
367	934	253	212
588	611	565	15
82	209	82	776
729	630	942	196
950	503	218	612
747	670	670	626
279	744	714	744
165	873	165	853
152	16	631	579
377	161	168	149
730	524	279	787
654	503	654	387
37	511	940	37
740	182	99	807
679	181	679	477
942	250	250	136
26	470	26	944
324	529	266	396
605	605	31	102
644	440	13	776
806	561	967	427
305	170	251	402
434	980	594	597
721	191	721	866
241	650	741	397
983	286	643	286
794	11	114	335
242	682	372	216
339	756	107	756
219	839	904	886
58	945	291	877
964	47	964	371
565	737	939	342
147	745	536	325
275	48	48	395
859	249	792	27
452	458	157	452
840	130	70	840
270	155	753	149
821	320	547	738
96	796	843	21
48	960	671	30
390	158	476	960
507	776	469	776
686	907	909	766
161	168	270	704
14	490	191	259
41	532	779	711
594	585	548	196
543	909	123	490
545	606	34	34
560	10	121	10
524	517	656	410
630	927	546	885
402	641	280	518
750	764	750	919
23	504	473	664
897	267	734	12
79	326	895	516
468	460	527	549
554	715	584	443
296	889	864	296
660	288	478	195
834	192	328	755
539	344	305	785
300	267	267	287
810	425	565	425
6	360	730	577
394	351	975	263
425	943	438	433
442	36	442	923
50	65	382	50
353	804	713	713
961	133	867	731
585	725	38	810
315	821	860	725
348	523	734	371
929	289	380	616
683	493	349	998
656	608	224	926
79	742	791	909
567	307	636	954
13	245	919	822
769	374	374	560
441	670	966	158
869	288	567	918
999	866	961	131
152	906	152	233
55	962	37	947
292	324	402	285
92	150	867	723
211	544	116	388
874	157	397	733
972	374	966	458
486	416	828	935
893	583	67	932
654	422	734	200
465	441	456	987
349	673	605	18
469	234	706	220
233	233	695	497
929	863	725	1
93	511	35	311
931	925	243	520
201	332	201	147
449	449	734	86
901	956	270	509
163	845	845	969
285	278	285	920
152	500	607	244
134	9	9	757
821	120	120	786
802	366	366	113
63	102	397	501
906	411	640	320
56	558	850	77
321	145	629	4
38	93	863	888
581	234	150	234
950	129	820	81
763	697	406	697
924	627	720	381
817	506	702	623
148	467	467	856
390	716	862	892
189	556	917	297
695	551	936	695
589	421	327	447
780	363	144	363
61	627	685	685
351	578	845	538
595	695	695	94
852	982	566	899
939	700	485	681
265	764	911	101
645	834	431	431
940	520	242	388
595	101	531	560
249	415	26	556
901	901	188	897
967	310	583	880
83	83	908	774
420	922	466	466
415	969	398	532
71	205	205	529
113	314	113	710
751	64	902	64
819	787	822	58
495	8	964	749
853	153	886	222
462	830	976	462
913	821	972	667
658	716	95	960
82	367	332	654
919	291	500	291
393	308	367	456
52	36	983	168
624	649	322	649
752	424	792	693
479	711	476	479
664	768	855	508
648	578	87	648
591	309	364	879
14	574	922	32
697	663	501	528
216	407	387	216
515	85	480	703
355	110	795	827
691	93	32	888
119	945	585	260
111	537	442	248
770	618	598	732
25	29	694	827
793	912	445	583
278	59	717	604
446	224	568	604
435	312	491	508
369	465	465	715
894	966	171	966
535	682	572	306
852	107	117	107
579	189	274	191
188	952	408	639
252	969	350	709
203	469	203	624
508	929	510	48
342	780	132	74
331	435	853	571
947	81	947	562
246	670	466	607
377	286	721	377
77	769	910	40
879	601	829	253
610	121	404	207
767	13	242	13
107	726	852	511
221	909	457	417
612	790	612	205
301	315	756	381
559	556	559	999
34	810	986	108
181	825	967	874
818	516	242	443
63	956	300	683
601	467	467	198
141	114	68	782
22	809	738	803
535	642	50	890
187	666	187	721
974	49	529	148
379	145	198	911
355	470	929	355
130	130	659	647
158	561	693	561
853	975	189	111
477	89	696	939
543	970	103	130
852	852	343	247
301	352	837	965
163	97	161	118
588	107	605	78
989	431	685	859
518	319	291	793
212	70	885	675
437	638	455	437
891	765	83	203
402	76	232	619
262	692	488	882
663	309	211	663
763	507	763	755
81	141	910	480
963	18	675	739
697	980	466	693
370	875	357	875
67	305	731	604
970	161	318	159
88	369	193	274
737	611	625	435
717	384	644	642
625	824	394	502
200	388	63	200
338	477	111	694
497	613	898	800
970	611	611	92
724	477	467	636
765	765	721	141
603	329	543	521
99	356	99	39
502	100	469	978
175	420	363	57
566	701	953	374
195	469	469	635
766	972	90	25
205	38	826	26
850	544	69	901
500	720	938	314
789	565	772	246
456	192	489	456
217	522	293	61
703	243	977	552
578	131	809	77
878	677	369	677
516	205	455	284
380	504	998	849
494	78	333	70
386	294	469	469
497	576	576	522
641	66	133	133
78	635	635	260
830	117	572	531
600	646	263	138
824	59	824	918
484	484	175	721
451	451	227	868
444	776	902	164
783	121	339	908
700	239	991	410
754	332	446	463
463	889	149	839
551	551	381	786
962	236	421	762
325	943	172	978
773	622	792	571
443	46	884	46
625	323	292	768
181	163	691	691
864	205	872	263
203	430	575	200
947	720	470	21
844	218	89	64
408	128	619	128
715	5	363	293
198	45	293	705
561	72	383	420
580	698	454	490
200	27	876	27
270	456	786	960
442	591	491	7
761	406	300	377
935	651	651	531
670	65	820	670
978	130	731	421
576	538	538	104
204	658	924	16
621	868	734	606
982	529	598	779
648	537	537	525
384	324	994	53
163	746	96	800
652	183	85	109
643	473	878	617
820	746	674	625
824	374	990	913
199	417	965	465
341	341	259	647
177	123	369	639
246	768	493	818
102	348	157	348
740	740	895	936
282	169	169	519
324	812	324	260
113	830	653	113
77	468	960	77
131	810	131	327
32	778	137	286
833	419	212	212
39	122	751	192
347	647	661	347
544	63	626	745
190	851	283	819
739	864	564	42
559	521	289	809
60	480	724	525
96	233	478	473
538	127	723	665
922	922	647	617
505	264	571	20
650	410	364	364
857	955	829	703
761	761	452	280
143	657	386	545
525	227	422	525
437	812	420	656
970	621	149	667
812	38	884	626
874	457	612	296
291	983	986	226
781	91	629	645
48	423	252	252
854	704	79	704
423	161	423	196
918	830	287	710
809	922	922	528
25	428	555	976
775	29	515	238
989	322	771	771
205	562	205	915
908	750	452	402
579	994	579	444
406	546	899	890
264	893	961	893
436	434	891	351
100	271	271	832
277	105	657	277
968	199	171	735
481	975	103	969
284	747	432	284
926	735	891	442
630	578	411	914
659	185	933	925
969	325	946	328
724	12	94	12
955	244	665	292
842	964	209	550
159	775	159	342
359	977	29	381
459	702	775	835
202	292	324	114
135	957	771	376
941	165	165	44
283	430	403	260
48	888	888	628
517	641	747	923
187	116	832	259
877	598	814	814
696	954	481	209
949	137	788	432
584	157	184	893
122	493	258	347
297	336	675	357
118	929	189	189
925	971	495	671
215	271	785	660
617	459	853	853
241	812	241	371
708	211	225	708
551	726	961	726
360	689	302	222
644	720	627	674
175	548	548	740
175	590	948	526
123	451	575	331
855	38	976	961
273	42	395	189
595	934	671	671
408	133	847	953
390	505	992	881
187	187	706	408
299	119	354	299
691	277	724	120
222	877	512	930
620	49	776	78
784	82	501	36
121	966	47	380
368	361	340	714
693	693	677	240
597	453	8	916
321	683	762	287
35	35	339	42
711	543	511	89
139	487	479	589
693	882	533	693
677	705	525	696
503	503	976	780
384	935	146	146
499	155	546	775
493	516	405	864
921	244	874	244
741	79	741	562
448	83	315	127
151	411	560	151
352	777	10	556
993	744	993	395
890	908	329	530
609	529	224	224
791	537	974	961
181	729	519	18
994	77	770	15
159	159	504	484
477	477	853	493
187	71	261	107
342	638	515	585
621	665	665	563
680	577	69	144
656	554	874	656
812	100	413	728
727	438	727	18
344	183	640	707
89	938	607	700
352	216	544	544
370	996	852	163
514	184	7	374
66	323	503	323
90	654	365	267
854	854	21	215
98	632	976	823
554	155	649	671
566	52	703	458
160	570	854	437
144	772	22	948
844	894	784	684
90	275	275	459
499	581	517	439
476	185	614	759
827	983	817	805
773	773	215	25
98	415	645	531
900	228	641	592
28	39	172	925
912	397	777	650
648	815	37	648
579	682	661	541
316	242	439	609
481	747	316	381
52	280	621	817
750	475	44	165
856	590	227	700
797	480	797	684
76	909	909	302
566	653	67	816
81	8	562	164
129	576	272	225
164	433	324	164
913	285	35	35
171	897	228	705
843	151	721	556
401	837	90	611
805	356	890	686
36	47	47	664
427	465	820	303
110	571	341	110
83	249	295	162
364	429	932	925
225	467	361	424
587	587	669	797
40	124	388	40
168	270	644	185
48	803	882	207
942	590	503	136
669	663	669	213
263	121	730	393
447	920	774	90
906	672	367	918
789	844	687	8
182	759	324	324
3	459	298	783
842	606	834	413
172	296	932	296
323	760	84	323
76	595	76	386
612	311	569	46
499	978	470	470
160	852	591	240
240	402	415	415
839	529	501	13
302	478	83	993
458	633	230	342
696	498	743	696
246	644	660	129
900	142	545	954
467	128	958	451
315	189	941	860
517	306	857	517
29	249	460	29
518	62	275	938
666	234	786	560
277	197	965	277
142	317	413	680
616	265	304	25
253	763	24	636
245	827	872	92
795	849	600	494
727	315	348	811
764	96	662	378
522	864	412	299
51	454	483	35
680	407	533	407
694	694	441	58
350	16	521	758
312	540	592	393
93	565	359	64
941	587	399	797
831	803	957	957
975	113	452	795
588	62	353	353
716	716	134	199
645	60	29	60
809	136	738	738
630	868	630	862
786	282	282	18
24	823	610	505
561	972	278	627
473	858	120	115
77	496	507	713
529	747	677	990
849	663	663	588
280	984	987	98
426	246	374	456
527	776	534	418
636	892	693	235
245	191	14	322
905	654	272	15
546	664	296	828
348	490	79	441
634	27	38	42
330	51	586	586
530	984	739	909
934	662	254	113
141	302	302	606
432	287	915	815
281	462	264	562
665	665	283	721
172	639	245	254
327	591	444	444
6	169	6	703
286	742	749	742
893	96	305	673
508	356	900	800
29	788	283	260
200	149	167	224
175	272	165	70
261	112	112	12
637	193	637	189
775	815	672	527
135	367	295	118
317	317	735	847
129	693	44	527
676	424	976	361
821	299	408	482
379	825	685	581
246	976	900	571
28	574	167	444
135	458	458	712
708	187	707	740
479	789	175	479
845	69	808	653
289	450	989	685
294	338	25	45
751	977	335	51
629	446	446	834
983	932	369	983
296	734	786	624
208	575	957	351
779	830	830	611
708	351	503	761
546	77	144	262
328	670	449	670
584	818	962	784
649	812	114	454
453	176	239	93
596	384	258	914
259	492	602	492
945	902	580	827
222	331	911	622
857	857	554	229
273	158	680	866
873	532	340	532
117	117	408	665
692	611	611	840
664	956	760	412
425	580	696	539
643	312	312	270
486	676	198	756
77	71	305	628
437	23	83	463
247	479	247	154
970	724	724	939
446	115	489	454
545	291	756	829
449	361	806	825
779	952	355	355
461	432	418	514
993	761	539	539
564	664	220	302
531	935	319	485
402	956	402	978
775	632	951	673
424	271	184	18
239	211	709	831
641	322	734	25
877	453	134	405
214	677	880	475
397	669	677	198
844	2	2	748
41	752	810	585
112	145	433	289
289	968	13	424
955	909	281	281
928	22	798	748
493	517	477	61
807	985	971	971
141	622	432	244
695	763	400	827
641	613	729	923
71	902	877	902
608	928	443	362
730	77	77	785
764	764	405	537
133	173	173	454
909	538	538	15
222	328	303	47
410	410	729	505
848	843	799	971
987	180	192	180
273	968	855	586
962	528	125	898
291	291	282	512
373	409	586	579
41	407	392	195
718	940	447	28
839	844	840	829
798	998	560	150
924	809	867	809
259	650	134	734
1	555	831	542
688	454	688	292
418	723	614	701
285	775	710	798
983	555	836	810
388	730	514	804
297	565	318	683
40	285	13	753
746	835	814	951
783	98	360	180
599	36	231	811
667	571	68	114
702	702	789	157
909	259	598	63
998	13	156	13
970	351	351	521
968	968	39	786
934	22	727	130
507	930	394	451
277	796	835	99
412	462	12	462
797	627	971	23
853	263	948	908
202	834	63	660
54	673	463	673
540	635	571	59
407	820	893	501
564	148	591	449
353	258	247	258
769	374	931	290
183	129	857	219
701	767	336	767
480	895	893	103
805	301	301	297
665	430	665	619
287	579	951	287
743	743	261	941
986	777	503	493
890	644	890	714
185	285	546	185
117	418	823	751
121	121	85	456
810	614	633	459
724	12	850	924
475	501	169	886
57	958	984	711
166	553	731	656
246	48	547	612
484	484	882	66
206	171	457	206
538	597	198	913
124	233	973	359
199	199	456	849
263	963	218	263
994	244	62	62
962	614	142	614
474	866	826	46
603	866	591	566
857	857	240	331
202	359	960	202
589	100	95	499
21	957	239	161
728	683	138	708
864	631	295	631
424	139	745	522
945	522	522	696
599	175	33	428
211	119	672	305
14	524	797	524
676	199	75	490
131	631	524	622
541	122	773	773
440	132	99	57
884	966	950	78
439	864	372	223
137	944	141	913
487	767	274	766
438	438	204	168
135	205	736	740
588	343	670	812
707	35	437	483
611	335	959	811
131	897	469	882
737	848	194	16
870	999	330	948
22	67	349	22
648	642	683	11
460	417	94	419
257	56	498	813
112	220	217	220
542	955	542	138
385	409	957	345
906	277	745	277
101	73	359	339
690	771	398	274
696	354	624	901
657	605	732	198
614	387	109	714
84	122	544	379
310	478	837	153
463	463	13	150
714	714	592	598
865	162	338	940
577	25	148	551
613	387	649	36
135	818	144	360
655	969	297	969
387	58	900	950
16	64	64	92
581	22	473	749
978	5	425	510
25	23	358	472
222	404	886	231
132	132	832	350
672	672	449	480
888	625	829	158
158	850	123	40
405	801	575	417
472	520	668	520
421	208	356	137
871	647	871	137
425	400	33	430
261	324	324	51
122	898	122	285
171	451	473	74
37	37	21	885
106	468	614	127
634	309	837	700
638	578	896	623
67	966	833	347
692	692	955	576
770	898	424	898
284	954	340	615
859	681	321	470
463	651	786	453
894	784	631	754
704	768	591	24
682	421	774	295
993	977	232	229
485	776	523	523
808	475	816	475
441	335	604	604
348	393	392	348
819	311	311	815
826	826	285	900
798	576	576	714
4	238	123	568
61	166	901	165
372	846	985	96
992	848	331	992
766	580	920	488
440	721	256	699
434	989	935	43
640	873	143	873
339	315	16	942
944	126	126	67
582	182	674	582
277	478	991	106
231	231	633	126
587	830	770	862
482	206	217	174
941	439	604	887
277	508	727	110
403	358	774	463
863	496	820	290
116	448	704	116
164	341	76	731
591	562	562	546
856	7	533	533
586	708	133	804
707	328	336	555
461	29	746	461
927	1	725	886
911	785	812	627
677	566	898	702
425	312	836	544
78	631	420	587
23	384	361	760
271	601	951	601
23	798	748	798
242	609	724	242
205	265	925	205
844	154	629	598
667	819	956	667
287	412	388	937
984	295	714	793
606	132	1	407
387	429	876	876
626	823	650	594
472	802	864	180
756	721	685	704
683	293	617	478
869	129	147	338
142	933	684	379
720	503	503	670
867	37	531	815
900	586	139	586
307	925	599	420
606	915	910	65
576	27	545	169
268	88	88	257
408	572	572	718
539	813	587	585
657	404	102	102
748	683	307	828
294	294	368	606
884	545	237	31
510	156	735	303
221	23	122	122
928	624	95	887
267	505	575	131
151	194	921	257
32	830	373	759
317	336	707	27
22	648	861	557
202	788	527	627
987	352	24	32
366	372	372	926
416	917	793	510
220	381	832	872
816	816	444	701
939	864	24	66
434	618	761	211
776	745	513	400
245	569	954	657
352	906	481	846
595	846	752	278
371	270	371	554
824	248	147	147
477	294	62	294
104	714	413	247
19	932	392	746
265	932	508	861
789	141	71	847
937	808	773	893
708	299	473	53
940	674	445	794
25	925	845	716
35	434	360	434
511	448	448	388
343	674	209	985
679	157	616	846
59	145	905	987
189	574	902	721
274	282	445	407
921	621	214	700
74	153	683	153
529	203	517	543
812	739	66	66
209	935	250	209
725	191	348	348
936	222	150	523
815	792	130	130
790	589	81	996
789	417	392	132
103	595	344	344
404	1	253	823
451	15	69	69
15	193	231	714
402	357	113	589
275	918	299	336
344	595	344	305
753	433	433	128
468	767	468	225
854	290	543	366
102	224	972	342
278	581	278	362
689	450	450	937
824	824	996	533
368	141	868	707
33	522	383	383
712	545	817	303
415	166	898	740
489	275	585	974
472	681	124	216
370	724	785	615
74	849	769	48
384	583	855	970
185	843	196	190
878	163	878	935
201	987	623	579
827	153	728	167
436	929	149	909
151	932	752	391
113	76	60	712
699	403	605	877
629	485	758	796
216	714	530	530
164	274	90	523
535	434	808	587
872	778	522	626
792	401	606	672
89	205	54	938
871	936	871	35
942	61	204	447
460	277	484	484
658	412	779	966
896	111	111	559
969	547	969	188
939	326	844	756
145	223	883	498
241	533	32	533
595	602	952	952
674	513	513	816
476	677	476	512
690	232	707	803
525	713	869	525
390	221	889	390
707	450	390	609
558	690	472	96
900	648	648	744
344	733	431	76
485	488	448	323
852	389	533	845
328	996	340	628
533	890	91	4
167	949	462	181
260	576	557	26
359	419	359	312
866	596	223	678
881	881	811	398
136	92	226	669
173	342	173	611
157	946	362	742
448	743	111	178
88	438	817	403
428	860	101	285
631	631	942	956
683	474	526	699
488	743	803	400
386	541	141	930
923	948	923	761
178	78	804	166
775	495	84	860
149	438	438	541
874	188	553	245
65	284	216	65
962	843	648	43
168	245	915	426
515	632	688	873
27	530	79	839
371	103	747	381
500	834	148	351
449	186	89	785
215	550	550	254
546	578	934	975
78	139	836	386
687	525	389	811
223	126	576	465
377	802	377	236
431	840	297	659
692	450	63	648
277	219	303	672
710	179	28	179
102	526	819	47
117	555	117	658
526	340	385	526
680	41	510	429
155	378	285	465
112	83	885	955
540	66	772	410
934	908	445	141
803	957	34	139
457	553	116	457
728	442	711	400
790	113	387	930
527	712	113	448
179	592	720	96
924	434	19	143
706	285	996	788
444	934	444	635
753	485	56	399
268	918	918	991
103	839	966	639
213	976	976	977
656	290	407	865
484	484	635	937
442	409	185	9
25	96	25	983
412	794	564	837
822	34	368	34
571	170	821	571
40	40	702	263
775	303	401	401
59	644	991	847
412	85	665	412
778	287	128	407
102	832	463	86
804	894	128	210
297	131	687	25
143	621	557	840
152	455	838	152
655	282	544	282
47	319	773	907
224	730	283	984
463	163	589	589
75	499	75	951
783	394	805	785
480	846	156	207
104	990	64	754
214	81	81	805
827	987	741	394
983	337	987	459
161	146	388	385
359	29	359	129
390	491	539	236
128	981	661	117
783	244	741	828
413	954	735	413
24	409	366	872
450	64	450	904
542	292	957	957
375	810	435	435
895	822	959	243
346	131	994	926
298	387	458	975
137	164	376	164
828	614	556	613
127	601	127	86
684	936	403	684
203	266	704	740
53	87	124	997
316	69	705	41
188	223	660	188
226	990	593	584
5	18	673	601
226	806	806	893
683	990	251	251
585	367	469	383
848	768	734	469
882	121	459	381
467	830	78	88
905	766	564	766
824	452	432	824
335	637	763	257
198	16	315	558
522	183	371	354
937	809	699	30
561	261	34	328
249	628	45	249
154	572	81	711
233	233	905	225
49	228	424	822
354	685	718	944
123	786	36	588
842	660	481	660
44	44	590	62
628	146	153	984
784	551	951	824
521	668	20	640
872	821	639	204
446	575	233	757
580	689	169	947
403	965	469	786
113	113	615	352
682	349	682	921
912	274	585	676
117	981	981	962
463	145	467	479
159	893	314	637
107	194	937	355
420	51	399	90
286	550	307	550
595	353	353	476
180	180	283	682
671	671	792	210
54	803	165	643
270	649	438	649
208	624	163	689
462	462	655	338
892	491	319	106
872	563	855	424
793	793	970	629
906	92	787	976
321	522	361	321
546	955	431	431
654	267	177	267
894	569	486	507
691	683	976	683
399	820	820	263
627	710	689	274
578	685	634	974
160	32	160	987
371	761	198	714
5	823	481	703
516	966	32	51
925	500	500	72
149	213	383	213
92	71	37	249
339	397	454	512
554	775	402	775
744	619	246	130
542	699	563	962
518	55	206	488
942	620	574	623
363	486	242	833
396	40	396	674
431	491	236	278
491	321	325	904
162	162	238	37
33	68	337	482
64	185	127	606
52	168	773	773
988	808	560	55
154	330	154	180
47	756	292	292
13	540	983	767
277	846	277	336
314	164	324	164
144	553	243	138
643	871	405	988
36	762	870	553
318	318	489	462
130	298	546	830
299	735	597	538
858	808	400	222
266	296	765	184
693	674	402	231
311	956	14	615
269	269	251	807
255	228	830	571
385	448	126	448
326	382	901	830
609	182	308	406
473	747	747	722
928	34	918	804
54	54	469	682
50	910	616	316
776	217	785	718
862	86	880	123
29	373	29	981
6	657	253	148
647	323	918	154
272	440	272	914
944	264	30	271
621	376	621	459
8	951	829	574
840	956	769	223
169	169	544	906
34	600	284	499
168	169	114	47
365	857	77	737
600	756	29	406
935	887	208	366
482	91	943	829
733	504	460	658
687	727	727	14
210	600	598	662
511	126	565	870
568	874	835	563
391	460	893	622
53	216	891	25
969	750	839	14
338	290	9	673
338	510	510	507
641	395	314	175
696	783	782	898
812	901	181	812
805	476	908	236
4	623	448	4
756	31	703	31
261	780	989	988
361	118	864	790
791	261	669	148
406	834	495	46
879	926	98	135
616	790	746	400
467	467	759	949
801	347	727	243
407	516	266	247
770	710	298	467
664	255	162	664
754	659	999	171
169	794	34	238
629	768	695	115
760	382	850	158
97	92	97	725
124	697	859	632
290	376	322	322
214	956	879	214
818	627	770	770
201	707	864	201
708	708	177	298
487	841	487	696
431	162	107	265
29	29	115	157
429	625	769	625
261	996	196	935
897	178	897	200
787	214	381	381
660	956	534	700
970	970	229	430
330	850	599	599
149	957	123	90
701	460	701	686
589	196	589	976
293	453	62	970
591	964	397	755
754	900	920	668
468	437	593	567
757	927	735	43
252	252	675	261
83	901	295	803
54	36	60	929
283	141	141	931
58	616	58	569
832	40	319	18
343	421	947	515
666	56	563	358
337	99	967	732
204	769	493	204
534	619	545	69
653	196	790	259
333	141	216	372
585	585	517	872
36	129	382	129
220	68	273	273
100	100	599	988
242	592	687	377
441	141	534	267
762	111	100	111
841	917	818	701
832	132	600	157
399	794	828	872
116	55	823	322
125	175	284	66
859	365	365	846
238	658	478	308
678	808	326	268
725	535	339	322
175	753	804	554
251	740	627	251
3	972	960	972
664	704	706	866
892	91	325	325
239	791	496	791
345	986	385	246
128	926	764	745
293	491	647	554
251	662	686	349
761	470	446	761
921	893	694	694
363	965	127	105
136	712	970	440
503	549	846	348
742	732	977	732
514	229	784	553
324	958	958	398
638	248	730	183
687	640	624	851
512	797	816	749
333	619	619	427
238	346	346	496
4	4	192	908
23	188	485	49
583	428	815	583
152	855	651	14
958	865	790	955
732	485	495	732
777	562	562	419
745	834	82	452
648	63	469	63
981	870	327	601
857	857	881	680
804	121	121	500
307	130	13	256
822	132	132	55
661	847	473	473
685	699	961	961
687	856	934	470
336	489	332	428
408	768	336	288
363	181	48	181
843	65	298	857
984	157	363	878
921	269	436	833
166	860	551	166
844	844	340	604
246	10	767	246
687	556	176	874
605	829	629	775
23	495	23	53
521	521	156	924
713	514	514	872
949	803	366	366
36	300	300	860
143	859	201	143
146	21	368	244
200	744	182	799
830	268	769	49
180	197	986	966
448	216	448	642
328	148	148	829
228	145	3	145
88	718	511	428
679	332	467	431
723	613	116	997
671	191	498	315
12	350	350	399
683	199	111	299
908	202	635	822
459	162	240	970
506	660	660	350
532	804	806	804
55	419	55	680
861	864	530	643
793	381	2	381
629	348	988	694
862	862	289	449
863	659	365	659
165	63	206	63
704	229	303	458
916	725	485	195
15	882	834	855
730	571	191	975
316	23	9	688
121	16	575	573
236	921	422	921
313	970	732	359
230	4	957	3
480	108	831	480
676	202	755	806
941	999	443	941
449	449	558	615
110	110	343	642
326	221	994	221
501	291	856	218
413	296	792	783
469	57	536	57
535	535	791	964
753	413	742	753
98	820	805	820
129	951	621	330
997	743	575	575
719	196	719	117
50	944	139	159
606	298	122	606
372	69	483	306
782	58	663	917
375	230	343	343
293	729	293	933
715	568	565	19
32	32	119	479
418	791	791	921
269	269	673	241
217	668	276	217
352	522	393	358
822	457	833	332
725	151	122	151
341	363	184	891
441	313	313	150
879	518	352	128
351	71	239	351
398	584	733	187
443	861	407	625
822	874	407	822
171	979	726	670
627	910	653	142
690	608	699	199
729	729	805	833
375	464	932	207
471	593	54	540
73	997	884	73
343	744	740	408
633	869	482	564
400	407	873	907
639	211	211	2
744	300	828	767
579	579	649	539
952	952	45	232
331	42	774	42
405	307	370	307
309	809	286	578
675	465	347	675
722	722	148	384
199	632	960	261
64	261	740	949
655	843	87	677
857	724	116	407
752	506	403	766
817	113	475	803
556	286	251	236
574	287	90	574
932	609	609	979
871	435	308	571
973	360	360	692
347	466	638	534
314	992	529	746
208	847	148	974
411	159	198	551
730	118	447	562
920	497	162	758
755	717	694	628
335	237	710	335
83	83	700	547
995	506	453	902
460	617	152	899
118	471	745	66
270	448	438	401
664	746	419	664
429	164	429	915
978	214	365	214
679	931	568	568
831	864	187	187
771	314	950	189
317	973	374	993
201	144	224	462
937	246	339	945
429	656	152	619
446	100	758	383
375	375	556	643
581	97	97	902
177	821	263	205
527	306	690	956
993	591	591	424
490	493	493	172
1	505	797	956
771	862	654	76
225	211	684	225
882	213	415	213
505	961	998	192
57	601	43	601
929	747	454	965
378	682	365	226
250	869	424	604
31	862	679	925
681	314	314	517
142	142	868	858
103	979	917	603
434	766	477	697
160	103	764	103
760	855	392	389
231	359	520	309
690	985	746	834
194	728	93	416
768	763	274	34
257	257	587	822
704	790	491	436
795	989	193	214
738	266	92	922
643	290	290	974
182	476	940	840
231	914	231	861
406	537	824	537
698	698	236	908
781	781	363	392
676	612	676	73
597	889	18	735
516	524	432	206
223	803	307	446
203	200	530	959
717	682	682	305
524	623	623	673
51	342	576	862
196	337	327	447
22	88	113	534
101	629	140	629
50	707	50	24
382	78	962	382
26	725	723	882
131	158	484	484
818	535	241	96
767	841	91	178
394	373	488	373
879	51	682	506
647	775	74	63
389	893	207	918
190	985	135	246
479	513	959	191
114	875	100	299
426	496	566	769
887	527	941	934
664	534	621	621
529	261	565	681
802	275	238	672
288	679	97	896
676	524	235	853
613	951	481	819
416	366	40	520
498	872	391	391
285	560	534	144
403	733	538	685
559	441	308	353
687	68	265	936
6	551	983	551
624	312	628	503
3	836	294	34
381	899	215	527
677	876	571	498
391	703	653	320
69	98	630	488
648	450	648	653
636	876	876	592
331	13	13	146
442	649	129	60
684	577	541	8
168	591	522	528
274	971	292	312
377	76	286	454
527	651	157	557
615	194	122	122
92	4	156	841
820	901	155	752
460	850	637	755
65	594	655	594
117	421	466	962
765	87	821	174
594	206	741	805
46	893	167	590
835	393	86	395
780	202	410	254
951	597	881	202
180	335	83	689
960	770	213	552
158	343	760	162
914	161	830	661
38	38	953	406
705	957	838	435
504	579	613	556
667	720	852	559
195	732	998	527
167	300	229	807
957	940	691	940
778	913	457	883
53	862	19	171
517	187	704	677
18	95	594	809
208	867	654	438
892	941	632	237
292	421	292	247
373	727	829	295
352	965	172	845
74	540	35	703
597	860	647	678
971	964	508	483
905	208	189	268
225	897	267	145
295	919	393	19
66	532	749	654
892	892	141	144
644	909	136	45
984	353	438	417
27	299	787	433
398	523	398	602
875	336	658	217
902	407	306	434
68	745	398	82
262	926	262	791
181	895	610	936
758	300	333	871
819	532	647	532
333	101	877	258
504	462	888	775
678	831	540	15
526	300	300	558
105	230	220	917
309	517	728	240
679	679	88	725
85	85	506	795
700	557	860	422
747	629	120	56
115	115	818	110
849	917	335	931
709	944	637	620
244	689	881	370
815	199	654	654
965	584	267	457
954	632	483	41
237	812	221	221
40	53	95	40
879	446	702	235
743	913	32	619
358	464	112	600
16	472	386	859
142	906	142	542
939	141	210	681
874	951	887	659
894	712	497	880
160	676	980	832
745	156	978	770
9	889	493	93
458	306	912	633
756	793	971	490
580	942	427	942
799	505	473	799
131	442	235	456
385	689	777	548
136	27	829	864
323	848	848	328
297	297	294	215
191	858	402	217
199	301	168	982
855	523	542	79
486	378	311	424
929	17	447	41
63	888	861	63
43	129	26	669
864	594	578	864
361	999	213	818
490	677	481	705
148	516	733	302
67	584	28	714
392	19	649	368
665	179	418	621
176	778	581	415
579	204	908	396
189	231	178	909
705	511	476	828
485	988	961	915
678	152	996	276
602	745	614	545
616	18	238	18
890	687	685	749
86	84	698	642
467	56	181	56
960	173	960	936
247	932	495	698
972	643	611	248
949	398	708	742
85	590	813	666
695	696	312	768
585	786	578	837
958	420	569	599
876	876	999	301
922	719	975	164
130	39	811	811
778	224	574	30
571	571	302	973
334	749	442	396
867	153	520	940
415	931	448	415
574	179	395	179
154	496	552	373
466	668	290	830
120	169	213	82
337	430	835	879
893	809	809	572
93	887	635	425
951	227	8	227
822	940	452	452
56	56	274	824
693	542	542	321
479	969	21	948
942	157	452	592
591	380	50	8
835	623	173	856
913	347	927	785
283	318	146	742
886	477	893	460
645	552	661	81
358	429	195	310
757	260	560	263
506	513	874	506
159	701	651	687
732	889	856	856
467	386	386	468
669	26	719	732
700	378	568	741
541	752	774	188
143	423	563	240
885	937	259	556
136	634	409	82
239	199	432	647
587	325	994	994
70	309	757	890
139	3	844	846
792	760	510	763
638	718	698	90
589	315	918	315
251	968	968	240
381	580	78	800
985	281	967	281
676	112	112	357
683	756	87	506
61	802	328	519
102	35	984	446
346	60	470	137
955	983	669	894
27	722	761	65
105	873	311	794
847	195	219	493
692	631	603	834
748	484	728	166
856	775	10	414
907	407	37	907
49	482	957	806
228	425	582	544
528	12	340	267
471	31	31	931
269	270	526	285
322	654	654	320
315	181	758	902
605	369	208	605
143	377	461	333
481	973	676	876
224	860	168	436
437	565	470	470
870	936	58	113
320	189	805	326
868	766	797	746
934	562	182	289
25	25	846	741
951	53	633	869
880	790	521	335
11	122	767	566
236	865	714	580
961	442	442	672
38	85	197	38
991	171	991	438
694	396	609	178
152	444	152	11
92	228	564	405
236	200	368	236
399	411	411	786
422	444	228	398
880	433	224	433
563	216	536	741
834	677	834	676
892	219	13	818
854	592	771	972
490	810	496	490
712	253	941	941
297	54	326	729
73	336	215	487
397	915	445	915
650	424	424	831
400	484	403	162
336	796	173	255
220	882	860	121
176	930	872	82
967	214	960	729
883	343	842	349
657	353	717	717
902	600	535	798
831	674	594	594
82	719	954	82
243	928	787	777
680	295	608	252
585	867	131	295
350	910	543	946
512	74	568	337
976	330	872	976
575	170	286	170
847	306	303	414
985	768	436	269
645	926	917	268
795	760	730	760
566	386	422	358
86	606	91	91
585	337	409	585
997	55	713	713
804	602	163	960
117	739	393	360
622	691	747	297
354	922	90	90
846	548	846	524
61	285	300	901
442	226	594	304
182	217	493	217
605	99	147	608
328	433	130	817
642	402	475	469
915	262	733	262
818	116	479	633
142	906	711	844
981	459	799	459
643	274	84	84
932	833	486	486
769	507	23	23
682	101	366	365
666	740	408	380
921	288	181	215
198	747	685	283
585	400	903	29
858	759	516	754
620	148	365	417
354	223	354	288
54	382	440	608
60	946	946	766
671	341	558	666
161	168	771	478
207	301	748	479
958	223	955	354
125	268	370	896
977	79	586	977
570	916	122	308
939	430	740	948
228	886	912	912
885	919	614	885
221	221	631	7
501	501	956	572
723	68	853	853
771	442	57	706
191	375	919	408
16	316	90	788
607	457	966	537
508	320	320	756
627	964	627	580
289	408	291	178
480	232	236	236
550	307	422	307
521	162	436	589
156	802	160	588
124	651	218	651
377	940	899	377
118	625	360	577
814	968	50	684
420	210	992	716
368	233	268	268
560	16	284	566
758	690	359	943
718	451	632	143
645	728	629	415
526	98	170	592
917	306	611	611
696	521	950	997
976	141	899	864
711	811	46	956
649	649	935	653
753	225	18	18
724	724	666	479
970	829	292	585
665	539	981	257
67	69	391	316
419	84	790	92
255	167	614	255
807	23	925	23
956	241	677	956
55	631	430	477
817	817	177	469
290	401	876	301
255	404	724	255
536	722	909	948
302	165	851	339
885	361	291	828
460	941	941	625
780	946	591	780
528	143	189	295
172	784	240	252
899	138	138	156
911	894	319	894
349	349	704	272
867	46	427	767
681	631	681	726
102	232	102	548
604	708	874	490
798	798	129	12
431	387	576	576
552	125	39	959
311	116	146	808
408	584	882	436
43	43	509	345
896	395	495	304
680	271	25	299
563	20	358	713
309	309	951	679
412	470	412	943
629	990	337	24
850	579	482	642
360	753	419	911
971	971	605	98
692	297	329	294
148	474	606	58
644	649	649	789
267	365	745	483
683	617	466	95
273	719	800	449
258	328	320	440
146	778	68	361
333	302	68	544
912	409	806	389
292	426	692	485
260	993	215	260
806	717	233	803
563	739	455	739
335	638	291	361
423	613	227	683
700	341	693	572
574	848	567	1
66	66	402	525
556	862	491	270
500	355	132	166
698	524	524	197
144	194	144	790
611	594	191	977
812	20	296	289
629	245	708	629
794	64	64	665
717	518	179	337
777	388	685	573
168	399	415	415
780	743	352	982
873	590	17	17
487	628	72	38
300	659	659	478
933	558	723	839
414	826	554	758
777	730	855	777
135	84	463	314
755	278	831	394
48	327	362	722
332	101	357	575
501	153	153	321
583	22	128	793
347	848	295	313
864	752	120	203
241	788	243	545
608	445	120	955
353	730	202	719
483	214	297	870
913	60	717	838
63	852	950	392
37	972	972	326
756	931	963	909
988	64	71	492
844	238	356	238
154	711	281	107
853	663	742	853
415	899	899	168
822	466	335	394
596	203	456	440
576	237	650	162
292	847	53	292
373	211	525	146
453	689	414	938
626	430	798	978
124	807	400	467
194	613	194	412
859	373	957	859
401	963	42	401
298	713	566	879
681	532	946	308
982	982	248	517
838	132	746	308
279	779	615	213
977	321	466	940
647	472	287	472
781	218	707	536
74	74	497	520
116	498	498	728
21	376	624	829
828	810	828	376
989	824	605	989
185	822	759	185
697	29	478	859
23	163	280	955
147	38	536	113
619	619	618	514
730	468	867	697
706	371	46	677
227	53	393	11
105	822	751	320
17	818	181	181
884	392	677	408
460	499	460	729
247	841	261	439
365	494	994	741
897	321	821	692
706	527	265	706
224	800	450	450
711	957	711	828
995	788	383	183
175	659	276	947
473	156	859	473
925	891	925	689
212	294	224	711
322	603	684	988
206	528	78	54
316	543	581	849
10	891	847	657
334	654	654	461
679	557	62	872
585	127	700	714
172	946	604	250
856	287	624	443
348	682	86	348
165	399	269	219
343	728	913	618
391	40	801	921
84	16	139	427
502	595	605	192
512	575	276	313
378	49	365	953
935	664	914	521
128	970	767	98
475	876	697	956
450	244	585	585
692	215	102	612
303	999	634	914
43	916	168	43
906	344	322	235
673	197	56	923
15	494	380	494
381	509	336	112
65	485	286	380
665	489	728	728
855	849	433	849
682	682	758	673
276	423	178	820
429	143	287	287
172	789	200	835
429	803	697	429
850	850	275	47
614	614	190	524
75	418	69	198
103	177	328	502
66	536	800	990
493	509	176	796
668	668	386	189
143	966	198	653
517	804	222	626
6	402	485	236
832	538	735	97
794	56	524	954
466	240	44	280
148	86	298	86
376	573	509	429
439	614	151	384
662	667	6	340
874	66	467	66
596	235	661	981
212	749	212	490
606	962	385	385
72	194	194	163
522	191	296	257
497	871	640	497
193	447	700	209
200	557	967	557
149	532	194	466
919	343	919	734
172	596	536	868
833	833	23	345
211	919	314	331
11	819	790	157
762	759	854	391
560	68	681	579
573	990	384	633
500	765	765	272
421	129	421	106
496	803	218	243
39	720	83	860
560	596	852	560
479	102	102	218
682	423	423	487
795	275	253	417
429	877	429	610
376	846	684	60
777	539	777	935
910	907	637	454
206	603	882	603
976	901	755	100
665	590	503	86
57	694	858	624
924	850	575	274
337	690	269	169
624	118	422	53
856	932	144	144
448	647	104	286
479	673	673	871
529	754	708	529
998	540	219	540
249	157	127	53
940	70	518	747
689	554	585	585
924	574	772	772
745	935	761	950
480	673	742	630
399	55	326	579
237	104	762	16
267	494	811	347
879	777	879	342
681	246	468	490
818	344	762	800
398	129	801	763
253	884	245	169
538	60	128	60
590	560	30	562
996	346	323	323
334	488	488	680
179	103	883	830
394	394	662	61
421	658	196	313
562	377	290	840
767	767	746	674
243	145	716	502
306	336	315	690
551	809	431	813
257	458	963	984
230	356	984	809
941	333	336	842
827	159	983	891
900	94	529	94
81	89	457	906
136	142	273	773
657	991	652	761
282	396	935	283
997	376	345	660
185	410	951	316
777	266	760	266
41	907	182	606
595	546	407	889
35	228	340	569
825	798	164	712
414	878	867	794
678	102	577	659
989	91	971	605
368	364	25	146
641	995	897	742
119	631	860	277
304	670	198	600
361	533	778	664
273	630	812	932
214	32	32	772
24	644	970	345
78	494	135	770
779	772	592	532
238	842	320	62
370	508	616	233
405	938	938	105
291	970	818	844
140	588	948	947
140	631	36	36
390	378	750	434
76	472	812	938
328	467	328	51
112	39	477	477
623	623	591	211
228	911	808	228
913	582	283	495
683	467	725	652
551	258	291	736
439	143	858	865
675	769	769	256
214	350	350	785
75	831	37	75
658	141	586	53
279	870	819	11
127	72	265	365
665	129	129	179
379	379	917	294
695	47	695	44
555	872	146	652
316	995	714	936
690	219	168	700
189	970	468	970
415	439	919	853
421	234	672	700
714	719	183	4
488	478	191	70
159	167	767	355
132	951	531	531
688	544	281	170
912	219	912	881
868	374	805	797
754	195	986	439
973	571	449	642
110	110	790	571
249	905	238	518
777	763	931	821
959	793	494	56
581	581	833	896
336	919	919	522
594	979	943	499
421	347	654	347
669	442	319	669
391	534	874	368
784	994	879	41
56	56	644	548
820	754	461	499
123	697	667	396
115	820	616	115
351	890	370	370
203	127	529	203
174	174	97	623
327	743	596	945
391	205	391	301
117	763	640	231
129	661	658	237
135	840	581	135
232	425	61	425
986	176	484	859
842	913	877	179
354	429	988	824
509	283	74	842
139	614	614	634
250	657	801	431
159	59	623	339
666	16	872	748
272	587	378	697
542	466	975	745
730	358	861	118
854	399	800	702
245	247	247	337
276	276	80	521
284	268	284	636
776	846	70	656
464	960	977	899
757	554	54	2
519	251	251	426
715	691	270	885
847	500	956	926
251	375	8	763
540	366	818	178
331	607	256	686
112	895	147	112
656	470	605	648
241	446	217	238
613	510	124	124
638	943	434	943
177	750	750	77
691	93	93	799
557	62	238	973
411	411	938	327
11	121	914	409
409	738	974	184
963	692	707	963
38	740	38	409
731	384	812	731
393	591	195	531
927	927	694	613
121	48	372	457
537	17	5	486
535	688	307	412
954	998	876	810
463	802	38	986
896	122	89	739
172	605	225	330
755	361	603	441
380	306	544	607
304	304	430	200
528	17	844	407
790	883	604	790
567	990	567	342
332	229	916	332
369	576	402	529
376	384	890	683
43	333	453	59
129	289	15	85
878	487	358	840
908	100	100	383
923	719	328	407
872	694	224	75
660	663	260	260
620	246	802	455
438	143	967	644
749	868	228	890
100	899	899	464
550	673	673	547
551	550	981	317
203	493	980	203
650	176	561	176
775	289	818	758
972	825	147	58
510	692	240	647
122	740	170	358
36	503	848	779
265	24	171	82
672	751	128	391
118	165	118	43
770	628	834	938
91	724	451	913
922	575	539	539
351	565	169	159
301	35	660	310
268	445	842	268
862	696	353	353
125	846	272	787
878	878	314	233
768	538	790	738
229	818	955	794
312	571	490	183
257	202	561	170
143	127	58	624
833	833	508	673
494	831	579	494
182	370	606	215
360	360	430	579
417	654	654	125
733	873	613	613
545	66	606	916
945	289	809	281
787	674	791	791
36	670	130	878
862	295	538	187
88	936	719	675
420	668	582	76
52	492	87	39
931	490	423	180
445	552	880	628
798	569	274	354
61	82	61	312
384	390	345	994
155	905	147	905
286	51	312	535
734	75	369	638
27	744	342	933
150	609	150	202
952	362	968	795
128	538	437	350
305	930	802	751
77	196	689	196
829	231	334	266
722	851	851	419
839	938	483	451
421	531	531	402
460	887	741	304
486	980	504	268
849	376	849	974
659	799	533	171
166	807	797	112
483	462	462	968
532	756	268	942
311	173	143	525
319	751	319	459
781	346	286	321
926	919	861	235
846	372	887	887
265	935	265	159
540	343	828	599
725	485	737	866
163	548	697	409
162	941	276	941
696	397	394	397
515	408	888	524
541	682	541	362
529	968	74	672
381	203	764	690
863	384	384	753
325	367	345	421
154	658	875	812
16	55	55	145
750	542	928	283
392	308	919	389
445	44	453	445
355	930	290	888
897	617	45	411
693	428	751	282
302	139	670	306
586	624	999	624
883	48	883	291
757	936	997	596
920	872	997	997
570	968	575	439
533	877	576	114
639	89	463	642
806	598	844	722
649	700	984	649
858	324	869	114
2	368	447	365
625	244	732	732
515	438	683	649
610	780	610	989
716	716	927	463
779	774	5	90
343	814	271	814
703	811	123	123
969	578	969	73
18	106	964	570
719	326	693	75
807	696	514	354
878	926	841	878
808	908	390	390
968	17	191	969
200	482	989	635
386	857	60	60
419	281	281	733
982	288	618	274
37	184	913	972
191	728	443	757
885	457	437	638
254	104	29	584
213	310	148	69
729	354	180	314
422	231	422	920
665	744	906	906
533	374	272	291
696	826	529	10
145	585	173	354
651	432	432	721
46	386	638	46
241	241	810	149
736	490	900	382
229	813	769	467
394	134	331	134
934	610	802	934
698	81	1	579
166	403	768	75
591	100	786	634
282	428	282	195
372	983	268	531
291	629	439	468
733	627	225	49
409	935	219	608
392	237	877	237
764	933	904	394
214	733	304	214
908	591	188	910
832	35	509	832
741	660	115	932
966	121	757	742
173	70	378	302
860	663	663	445
415	261	860	295
728	942	139	440
12	743	278	634
175	865	272	175
669	210	42	156
673	673	84	969
581	581	23	183
872	855	118	104
30	891	977	297
672	312	584	915
508	702	966	504
264	329	244	67
445	717	137	727
433	856	433	283
625	267	267	145
816	833	596	596
17	75	17	866
69	795	518	555
912	439	873	382
67	262	381	6
529	842	250	594
137	57	622	205
304	511	903	413
417	630	432	526
267	708	267	929
44	543	44	125
155	217	273	453
205	966	652	966
290	582	729	291
56	851	230	851
362	543	587	587
275	128	693	275
55	629	995	136
699	469	165	320
124	686	78	124
681	351	390	604
494	161	640	981
415	277	349	303
164	583	960	400
543	73	388	254
405	650	547	599
823	567	133	629
830	482	886	966
809	751	688	595
817	33	615	715
907	728	728	430
851	607	625	585
436	344	15	648
859	386	131	621
628	431	520	164
550	289	920	579
270	341	341	710
887	480	480	464
746	305	441	556
248	854	252	678
792	157	905	157
184	184	736	461
93	96	96	877
395	168	773	168
163	551	246	389
536	344	344	516
36	877	213	268
947	419	404	27
881	466	728	293
126	339	782	126
199	305	902	242
610	523	615	589
943	264	249	853
282	203	362	916
219	382	321	886
564	767	236	638
602	197	22	836
726	636	98	80
273	743	593	714
98	98	979	329
424	670	120	861
55	547	808	302
42	149	352	688
992	54	574	205
167	882	825	282
65	682	729	11
861	662	889	80
487	626	191	503
653	896	437	653
597	615	371	408
996	667	797	77
961	170	515	254
260	485	260	125
224	82	224	780
605	50	704	434
573	978	422	422
490	752	527	629
136	100	603	495
522	562	556	522
673	818	673	801
124	937	396	886
263	475	953	860
995	151	70	792
268	144	428	333
77	72	658	74
133	164	692	498
33	491	580	775
463	305	216	470
539	539	252	217
405	405	383	893
161	612	639	426
190	712	909	712
575	967	287	372
548	800	319	480
464	187	62	52
148	662	662	760
358	249	400	249
898	7	7	484
863	447	951	249
582	775	137	316
653	971	827	597
219	979	625	361
418	896	192	896
150	651	528	960
149	797	2	50
264	281	264	984
139	231	393	787
914	379	220	344
981	279	757	338
113	61	850	11
923	514	325	923
350	866	652	420
675	283	259	250
367	398	817	573
400	229	966	966
376	446	408	183
459	647	477	647
259	838	747	496
572	109	749	945
325	778	778	891
461	802	587	461
213	447	525	218
90	278	682	689
264	808	668	528
790	723	352	352
578	822	906	519
964	497	934	408
340	340	450	782
747	955	979	175
323	448	124	452
845	116	351	570
102	164	987	121
347	987	424	921
211	733	527	733
151	606	922	733
213	193	193	824
881	499	779	711
905	372	513	667
759	468	969	62
402	746	447	387
101	373	760	442
288	735	715	860
362	232	782	558
802	991	887	74
576	768	576	939
370	994	224	919
379	678	941	934
128	541	674	76
200	325	642	844
351	391	351	160
278	743	132	766
8	8	735	559
79	830	803	830
277	868	546	588
472	633	230	969
394	321	506	506
59	628	778	59
795	447	447	895
712	717	225	225
358	42	303	547
461	71	892	584
757	742	821	821
988	404	546	689
310	513	537	173
642	558	642	780
65	539	920	133
121	701	23	23
700	339	238	256
266	562	909	909
860	634	634	797
15	130	840	96
917	347	899	498
699	714	777	560
893	102	630	751
112	112	423	891
77	77	918	739
54	933	25	678
567	173	109	212
181	376	92	922
589	640	440	589
131	199	740	131
515	692	124	819
665	892	396	768
571	608	608	776
822	961	100	100
244	284	988	324
89	470	220	7
123	223	478	123
202	252	174	322
609	19	246	246
884	865	828	295
547	362	290	617
712	419	446	296
459	203	759	83
94	528	81	452
336	336	409	392
695	562	984	349
824	184	431	670
730	826	739	325
35	873	963	942
616	56	659	884
568	568	944	631
448	674	712	120
662	409	740	192
392	152	156	653
476	947	931	243
128	796	796	478
710	375	90	375
482	792	161	473
578	399	881	773
251	405	399	57
84	528	156	470
553	651	741	691
533	279	482	263
38	734	908	734
560	919	822	171
711	71	598	610
169	426	668	28
98	284	164	768
25	195	239	195
285	285	143	30
934	953	645	513
257	975	766	975
756	222	222	514
725	516	260	2
551	297	297	654
577	292	577	919
811	811	501	13
556	191	191	510
526	623	271	963
648	782	535	582
141	518	811	518
959	444	75	75
888	796	888	900
622	523	738	87
281	80	281	824
436	376	628	825
436	202	805	436
148	475	118	118
114	164	670	349
155	152	59	127
72	786	790	786
279	727	279	538
443	623	477	706
302	718	396	302
498	498	43	743
738	807	125	586
652	386	268	116
165	654	900	726
773	483	741	213
677	988	794	61
243	147	510	517
219	219	181	978
87	334	998	119
459	303	623	403
795	795	91	547
614	256	438	887
746	283	156	272
500	962	361	361
228	300	798	300
5	889	525	293
365	813	87	815
597	469	365	469
137	282	751	191
38	405	661	578
809	95	216	261
242	250	156	829
531	538	915	305
29	535	875	875
475	919	155	829
568	442	131	568
509	710	20	525
692	987	374	987
332	766	880	469
783	171	213	868
743	342	201	866
781	402	781	76
276	530	933	933
196	665	448	982
695	81	925	807
579	334	522	301
324	324	798	224
764	47	119	762
555	193	69	185
452	316	690	323
348	600	266	388
14	25	514	40
783	180	315	57
260	990	887	360
352	530	319	352
996	215	585	215
93	773	744	159
260	161	681	247
901	267	605	658
434	267	583	756
723	735	211	916