-649985
770472
-329267
477138
-266859
210702
101632
-811481
53567
-948436
247219
941145
-179170
757288
-791624
24724
877363
73172
816934
-562037
-312959
-874947
-311425
-308843
-71353
-359822
466387
-680775
-398141
874238
769928
683151
354803
-697563
811668
554246
200284
838977
-349074
535435
-280379
636744
504304
-531571
-966517
-753517
647794
-911202
270985
893226
745719
-968622
-556508
261039
890154
793606
-205182
-319783
-399646
-273121
159526
-306016
379315
363394
-532793
831437
-428471
469603
173443
-686687
554629
698616
-118493
-779572
-553321
-600052
113031
-65945
588488
-87215
863746
312871
-531840
-628966
931499
76581
370783
749195
28642
545600
-13363
401536
-696249
-460144
-212840
-628736
789901
967142
609363
-316412
-889755
392839
891337
-216683
872273
-617996
-808457
775159
338044
-129520
-120425
653055
534364
660418
940218
76152
-772874
-953979
-833074
658542
272911
934347
916148
772642
3588
-615491
24402
-711454
109669
388799
36076
-606818
-488532
-135293
-178016
861157
766797
-253240
-65709
-572609
-953121
889699
-630093
649091
434974
63465
791772
-536670
-14981
-371982
-335770
727339
967664
449410
557887
108273
-667943
655294
574022
141975
386960
-789842
-664976
114350
390936
171770
553195
911582
-574384
784069
897043
-753348
763212
404987
-564693
541597
869648
600357
-120304
-316698
208298
556530
-898759
-50723
-587390
-310031
693785
-331493
-95622
307469
709311
-632828
524625
-496003
813716
744121
461899
312517
-139203
417155
890320
955371
-554667
-248467
-757021
-585545
574120
-921984
306227
973664
858393
-275507
-839970
646938
26593
-357089
-717661
-523795
-352428
291079
-89537
560031
581000
-131014
563576
387368
527763
-858394
-136641
472178
429934
199968
943191
-835907
857343
-706559
552630
-210607
338633
287425
-525571
182518
555581
-377482
-736895
-480460
459091
205888
-657161
2411
255193
126055
323463
172529
138294
-208628
-698968
-642781
-339369
939461
-327258
-332381
582794
913914
-917111
-514532
-201720
-861505
-19503
-550322
390456
721912
-202447
-907403
-234995
-823149
672618
438506
-839951
-666241
-418233
-60299
-618467
-70695
-414496
30462
35583
847621
653943
464847
654563
-105700
-845005
-746447
-983036
-653147
-745920
-616871
-712320
-996557
-3159
-722892
978768
-209263
329745
397901
440151
331788
-146642
921280
556329
25788
430214
373861
521830
69229
-921268
-288943
-916502
171094
139853
-899504
958150
-559286
-191748
-880817
-22806
508652
489098
-334955
948479
938736
519665
-96840
-518661
-147450
-553825
-118843
874916
122100
-683529
-277493
587749
-998481
-975151
-667500
116978
-601916
-356645
42609
-828476
-673258
361250
129482
-430249
-311364
-245627
-742007
753061
-847811
682452
301935
-94870
214747
-375620
-860606
-911129
615050
376218
-311647
845379
-781111
-387656
94579
-971200
846710
576236
776134
-833650
228145
191393
-683172
234868
-679599
-141068
163367
274089
-325851
-329256
70391
25765
-343936
-818660
-925014
-17619
290955
800303
618407
950316
-317366
-102610
-856020
-818040
-935819
241684
-389546
-243067
782128
774499
-845606
373981
-986654
279029
-626245
773266
-828230
-960305
-76368
120508
-450324
738724
574898
817656
278149
-14778
-646458
787538
-464227
829147
-808077
78686
-806900
-867245
-243757
-217819
-748873
-933989
-148631
443926
-247410
-379035
-957539
465295
-549095
380049
380210
-654273
496561
-629999
-605290
-469179
-115461
-996262
312986
-156036
-409182
401327
-612928
42266
80267
756480
-41622
-470717
246341
272802
-69500
-160871
614617
-641718
-388284
-21084
-885359
-480753
978069
-196062
421724
853993
714089
618525
-438025
616257
46632
489482
-292221
28607
213408
-825957
-92578
-111779
-75227
-391047
937393
-784958
145165
-601146
-484163
982610
847206
289631
794431
-412309
70707
322755
-986371
526719
-85392
132399
-106576
-471797
-690484
555357
-954934
-782704
609251
958954
-560316
219155
-568232
523457
842022
-679986
-818766
-350976
69321
-346664
-17991
-748858
-705164
414553
-15714
-162403
554174
134242
-724976
913165
20344
-832869
214806
-852260
30680
-709968
450495
-743619
-25610
-642981
-895391
735763
-182887
-154688
799730
820947
87070
466599
296903
307411
899211
-826703
624109
-151356
665018
728741
-926716
-906667
624296
186884
466214
-460138
-85463
-441965
-953042
-32530
914684
-158512
-335372
-810988
470393
310804
666440
861093
-75752
-902832
-9732
847566
-949673
420370
816295
665472
639076
-422515
435355
521796
-723885
356396
-703620
760699
732287
179494
280228
164050
239689
-339210
-204501
556462
398129
371408
537508
-31306
-860367
61243
802095
991350
3506
-796119
52886
968299
477231
87990
601005
909579
111924
-69215
285703
-225215
625899
-997468
-786702
435889
75170
351484
-883903
-798279
-782
329259
488999
138467
-487609
-676421
-823260
803329
527105
-840226
-110443
80132
-671466
882233
556317
-827648
-461992
798578
9548
-737634
422244
-218073
-967270
-320089
-798644
-641900
530449
389453
-793179
129399
-164217
-862209
-697805
433637
452315
-977321
-391156
-217644
-863034
-27274
137647
-605132
666317
-442049
-378648
-117955
277303
263987
152814
-122127
21589
412103
314941
-565385
-692796
-597405
-426499
-699786
-160618
729587
889775
991671
766526
409417
-300579
861233
966630
414923
-49236
986394
-529243
-568067
434613
-364647
-575699
293138
-362710
-786640
712984
30677
527413
935914
664260
708388
-897459
-618268
83176
-712824
-301937
515326
-314006
-929601
443420
478701
-844564
-431457
-83760
-23437
878743
-894276
656674
-301156
-188210
416772
816525
-469311
617859
-434474
388121
596366
-874262
-755566
-21648
566567
496699
279746
-343848
-426602
-973819
-759221
551391
-709801
704811
-904856
-770994
-602093
568378
-981969
459058
355259
-298563
875421
-240923
130048
-875252
-322086
341312
797864
-668011
-360240
679728
328173
409748
707190
-595429
932369
-926869
952915
-940515
-830810
120844
-916044
-349973
-925221
738875
-710901
-717627
-590629
430138
286569
-197648
-877204
575339
-651413
406515
184212
-326319
475049
-767187
-700260
97884
238157
-514501
-871922
732434
930496
-574737
-210816
-879070
-358326
-234381
-395514
-741622
407584
-46595
-480717
-979646
-551517
-147474
691915
-97765
-442956
-946814
47073
207599
-443535
-588967
-616622
990069
982921
773723
515774
-710976
-153648
-264633
-154562
-35869
764985
-191981
150668
-632842
-85329
882569
36173
-731715
191794
-333131
83386
-230536
-134124
459459
543448
-256212
-178222
-294295
90987
-542636
960167
-380250
721709
-654022
-648574
-23109
-112210
-530172
-250811
972375
612431
272900
-635126
-905116
-374024
981861
-358911
715035
-437023
-593759
749471
977884
-212919
-103090
-592776
-636994
306594
-632917
490189
482623
140452
809083
772722
140875
35599
548706
-911196
-192466
-532170
-931580
543307
178354
207166
-110828
337685
-346450
-517228
-74470
70743
581357
380845
755559
-680982
211076
-520923
-866359
-717527
441472
-119215
730086
845536
-207744
-213332
125316
371710
-150260
-448575
-639335
-530943
523238
318191
-319751
778759
-644333
-72357
332610
374229
-802051
785311
-294806
656510
289862
-811687
-690984
425863
282843
279143
667873
870847
666450
434726
123566
-446113
-144000
635956
-106955
-963785
-154477
-983732
547942
-28710
782614
101299
831507
-845567
-133086
-51340
289525
-253295
163301
864492
175000
-681428
-582351
-577661
-652937
498726
201372
-369190
258284
857609
-803019
-274429
-728551
-670816
-672554
-926036
511618
718165
853943
688263
868840
614453
112187
426227
283016
383368
921235
-598708
100586
-870757
655970
185110
392680
640787
995777
-406581
78528
-231304
-822180
977617
-950918
821158
-161128
-302490
628656
805177
343933
-619025
-77098
312826
-502880
-966740
216765
-82268
935168
426498
13876
-58004
266761
-870803
-408473
-307976
422670
411288
-76354
302870
386055
-717863
-956485
-370481
396141
161530
-621528
-16814
250104
68172
311
-615639
441288
-853404
495133
-514578
366683
-647175
-986529
71938
55770
-212365
218436
919821
837356
511441
197422
647173
748679
-805377
-617516
416375
-704502
918712
-620072
-86394
334786
714856
-547371
-717243
500442
-817645
879176
-416049
-437928
-351983
718730
-154977
-458956
-629135
-402823
409195
-275350
-467012
313644
419802
-696311
-653744
-600241
-114930
-80220
-294474
161981
-135060
509132
-143403
973138
-125480
643224
-273448
-397844
-379755
-494063
335385
665859
-938531
-547614
361822
373443
-272243
-778228
-49323
-714340
-843558
-981227
-566751
258570
539770
-145499
-254131
746894
-419585
443399
-54044
-76380
100239
957577
969640
866619
-353132
675974
159477
-635987
-22350
689930
866002
36299
-247861
209054
515929
951100
302406
792503
363464
-720594
746507
666449
-585416
297289
-686117
-606857
-657570
-755297
-837747
152542
-382998
253098
329862
-189221
-315304
-312412
615904
-296081
284155
-12310
-711236
-422602
-605521
-960379
523119
-179564
939268
929780
-187589
-881544
688301
-120065
-188424
-147380
952132
-651118
635853
-493338
989638
847357
-728991
-621150
-149269
-158382
726592
886076
-464729
743901
-147088
43258
738835
453697
-19416
700859
672590
538561
848113
-714237
858133
216882
668301
872234
664937
101751
-226175
-688888
819644
135473
-11347
899819
-629380
-157001
827356
-106234
484127
-630022
78168
365374
501909
-403867
-243049
344936
-61744
-435600
754876
316006
-842707
-520169
-659618
-935122
-312287
605981
716182
993712
214509
63804
633093
998357
-940429
-554189
502893
-99745
-601588
-174985
567526
-690803
-22295
87635
660250
-360238
-268200
680005
-938274
-149558
898893
197656
18822
166873
570426
183641
386370
-811988
693400
607416
770950
-163402
565644
-784622
874867
682159
461300
792142
765830
-370475
210428
-139946
-562228
948345
39569
624058
-178617
-802032
-903329
-110690
-593042
-907001
-396190
-879844
933352
153177
936780
945677
40175
755815
-88838
116751
-521497
-754390
-661832
785718
41393
939796
746258
-626126
174384
709302
660916
415403
-892413
37993
-835711
-427910
267461
650093
-225807
-797001
728743
-101206
943982
-209457
-647435
-119604
-767247
2232
597331
919285
50000
291679
-797833
-966587
253175
-38405
532036
-815955
646301
-592007
-205792
-341845
25630
657130
557952
877048
716165
792278
-92137
357917
234812
579003
199793
-28915
-954454
-206613
-69486
178584
-577357
682266
-225622
-482625
-277821
-831356
891974
-273316
-46434
259550
-164261
-410628
9658
-28723
-129626
813555
-568757
-981108
6741
878177
-151070
-144021
-214131
-240564
597842
459292
-539810
84336
790502
828587
-64592
522787
939508
-516550
-856192
779308
-615392
192260
843842
-619054
994709
154244
853394
316971
-518913
939480
630472
-850611
-177111
687681
395559
-318758
-452505
849636
964564
-596356
-108291
115468
769548
105079
-672570
885559
64505
-115998
-293426
436136
118552
286459
342318
258178
668645
-522625
-918817
590385
-981356
760257
869963
-759072
-957357
9831
-946568
-745057
209512
884939
-933803
-869126
-902490
-416932
201003
521520
-306302
-104349
-904529
299881
837079
-301029
957726
-728940
-718465
-566130
-554894
-175033
587080
339645
-35302
-987565
-586632
-950341
936799
36444
846363
-377247
-273131
-38215
113659
-676114
494491
-155920
-554406
862536
31407
192942
-860947
-403906
253379
-199692
642360
-95357
402452
466230
-256185
-818853
107030
235194
314730
771344
-595753
403485
-624387
874664
978093
855419
-325656
-849317
453768
620133
358010
-408237
642201
-76714
441630
-882118
150004
821915
-138203
891278
299732
-22059
734897
11099
-360896
-787341
102732
-967297
-160391
411683
115749
517464
279478
455763
527090
-800484
874142
-200889
375689
987486
-714131
-28456
66599
-652887
-237817
365704
-117879
-830353
-788690
623392
-68496
-153439
-5354
-784309
-769487
-403094
705657
346424
-637817
-826972
-913168
-667486
-349841
-550329
454793
29249
537440
-736756
135144
195119
172417
-594037
986573
-17196
-484446
-532077
-688341
475221
750583
379110
623198
-171715
-80456
-201336
488408
16440
196688
-461938
-259749
-664927
-462715
988109
679700
-526198
-620949
181329
-85723
-633061
453979
-887583
-127979
-793705
-242131
-257193
126580
-78336
980840
502564
-159997
288043
-244443
-854211
970603
951520
-445157
419011
512563
-61472
627043
-512818
605340
-41844
661983
-961723
683504
446501
-565319
-270409
892778
-160128
-491328
171877
-189449
-171259
-538835
383857
731892
639114
399241
200701
-710221
-295646
-343934
-706258
194545
-424053
795446
858129
-840738
-985073
87934
100931
-514648
879727
-309252
943330
549959
648498
-29430
-178655
437186
-616993
714872
-533984
537940
-988961
415625
-622463
-384245
222353
967101
601966
-567485
989202
-983642
40444
-178216
-55465
-178131
-27191
-984052
896716
210476
-501770
-577049
-877924
-281691
805759
878651
-806174
-922033
329914
-135329
-344360
-391530
921893
400208
-524452
81388
-696554
987403
-162964
779615
767406
9552
-50401
93489
183638
221310
-39913
-272097
498929
-776420
-284315
472589
331125
-591893
-62723
682009
-956562
293565
-783995
-698075
-689858
-518590
662268
356466
-695830
867034
-777098
373574
-650747
789531
123836
-400389
816209
279065
-615955
500580
-820403
241980
-488627
172794
331156
-959143
-293368
-322189
937500
212404
-53495
-942760
924884
-110992
328911
347484
39285
436150
-506719
513308
-141982
-28223
498349
466380
-885773
-982369
-206602
68051
264434
820316
-499839
551071
187578
-363719
-505386
361467
87504
-753887
-253847
87728
-980247
-509545
-121955
-877210
466636
-552522
-147490
723519
871914
546789
-832038
655112
131817
759896
-310321
-788726
-34432
620043
-687587
-858464
760391
397628
398274
-586503
-306837
-263329
97392
-744839
-460414
337355
588226
-624147
-285327
549283
469711
190331
88319
567289
-782500
-337887
-425845
116029
-259722
644956
852414
-511289
-814160
11013
530672
-696076
317399
771227
-270878
-1449
870040
294267
-458596
-95914
860091
-901872
-359938
-911198
-552627
909934
-610347
-202302
-161955
390474
253598
-472551
-977581
174814
-853002
52542
558100
-345336
-115506
-747680
896974
386974
-15134
-380981
-950123
75580
479399
924555
-859232
453262
-498051
-956677
-545637
-898189
-371393
-802799
-296434
332752
617157
-301113
-861282
743484
-252375
-294425
-538955
-60104
9910
-190610
-862764
-13944
168922
-798974
-186046
-340197
-116287
956019
295775
660509
-85822
-148541
540579
779774
725767
-216636
-965754
-904996
202415
-854033
999017
354347
362550
645028
-746137
-653666
29252
-591115
875150
-354451
271419
598090
-7262
-802830
-468326
-543028
840672
-431446
-939174
824677
-794409
-813981
-207749
-184599
633137
318502
904282
-48527
-938736
-270258
-241477
-372388
-772432
-981238
-302685
-445729
-587692
-26033
-590320
186351
613464
-14800
-92537
-654538
-644075
889135
-749976
760582
537131
-198327
-831342
253667
-427772
764738
774712
186369
-495296
-73783
-883482
-284228
185030
-865146
325413
-268146
-163034
-52818
-775355
305297
-829262
507912
656482
177471
-743854
72571
-476637
-396695
-358014
-866463
-166462
712836
-649768
-259221
-177427
-637216
-472981
599021
-111598
307763
-731796
189117
-823402
291846
569977
-439221
-37038
552800
-123821
-962667
593321
-679154
-470046
562194
361429
-555732
751429
-235158
471882
416381
-579872
619011
-360364
86435
-168600
-629592
514177
-94789
282640
57918
969105
-108001
683117
-898441
-787971
428700
162947
-273050
-49152
25190
827185
-960925
-999850
713450
-51768
-326727
-601488
781447
-32348
-550864
812779
-369637
52592
106332
-269304
-835509
899971
606052
980542
-12723
632687
-604268
574627
-538855
-249277
745168
-508351
367968
-685192
957432
-926923
961442
283591
291215
-799761
829905
-713727
-26213
-186124
-650464
631431
448048
-19433
-776003
-962143
-351128
443699
-164091
904875
-602219
979404
-905378
392345
125817
-754653
-79054
-715955
74865
818088
221671
121313
542043
-748120
618315
665446
167313
-441362
-943136
250293
-271935
-551720
-149979
879282
-33399
-334941
829522
922061
938039
304121
967521
-955973
212921
885669
-657728
550431
-559020
386479
85260
269359
868921
598176
12621
567492
-466748
-904118
-1712
-357510
313512
220053
-839214
53787
197538
777601
-643261
-42916
-618108
-556132
-623161
855439
-141680
-496635
-417459
-473297
511100
732959
226925
794458
863751
-788775
527736
-560234
-398116
-382477
834194
446104
-727301
-800936
290487
-833721
-98999
-29993
-23663
261980
-729323
553423
-322998
443251
-597458
155761
-936194
723527
-234132
-949453
-784907
245350
969629
-923138
345519
-375746
-119563
726984
-408133
-597752
973132
-761449
-741516
-803244
-420136
-881611
-92452
742482
-446349
354398
568724
549823
-559345
-68049
-241061
-145507
-848379
-526081
605535
745187
-523702
156158
725501
-758073
666879
986010
815052
396442
-180753
-292190
247570
986088
-282714
-777074
-145289
-551016
-2705
120303
910024
-511098
607406
117931
637737
-797472
523705
-781517
664203
742821
-708362
-595632
424587
470426
809966
469849
932466
576942
-383645
-780225
-360890
765571
481194
74493
-161096
341435
-765532
-57691
-229914
-549946
93085
859798
-535122
-950106
112520
756523
-286674
-713615
-293650
-799968
325149
857296
-825990
-548627
590616
-706782
538606
-484007
-88404
423649
-983991
580125
217099
594195
-926824
-372061
-998668
553320
119374
-212065
872634
-774079
-458941
-176891
-192411
64020
-105920
752505
-980061
-249947
-826717
-685613
-65408
508723
-873182
-402637
-511471
-251728
-359802
-260976
-396446
-761884
-166623
-667426
356448
-717455
36456
647694
-67809
286910
-630004
-527649
-768413
-524259
-753336
-960571
513447
729031
-995920
-917221
854003
-191808
-120348
-912539
-83523
-697790
404224
991015
612013
-711676
-106937
806368
600318
-341686
740302
-582819
569688
-872865
-311102
133952
-192888
886306
809194
683333
886268
846112
-309583
-441169
-234795
-515662
-553468
-517482
-875907
770269
-762927
493342
9993
825752
-233373
540599
-26270
284742
-713636
-703621
176953
386223
-940838
36260
-147708
-875380
537720
-484197
-461206
974302
-624084
235163
-916183
-129977
198349
613972
973162
-981190
812939
-650954
935731
-89106
3455
-37096
541629
-69370
-905431
398617
-989708
-238863
-419846
779106
599032
-508072
-993090
-257986
808314
81303
396559
-188127
-783127
-644862
136505
-987750
-46624
845435
46870
-725365
-23944
-913066
-27239
-465226
-433952
76524
975501
-476651
597623
-645833
-75339
-40122
-164267
87665
-340499
-878152
956622
789055
54943
-420547
-237308
767933
-610721
-585673
-498148
-466231
479695
-383291
714653
-628477
797572
-382852
-353528
841016
-435792
-159637
5618
187717
889168
559703
437225
-508719
-446323
-225356
17907
495128
-336072
975179
-578982
99050
-898141
-969059
-659911
627458
-815224
377770
-190829
-319335
164649
843194
13161
541241
350810
-45808
738564
742199
838123
272129
732055
-288059
54221
724599
-427053
-808113
619493
-961055
981943
838044
174216
703091
804358
-838086
-812429
680109
-26415
-980491
-696573
824421
801143
832643
-583965
-653159
-700896
60996
-896808
68623
-596868
-919774
845408
628110
-533005
248361
124873
-582318
408386
-32995
-225719
-755543
873444
585263
-557395
234221
564290
463178
491046
527945
116418
344126
378525
677594
704345
-216763
139071
107345
-990397
-76871
638715
-681145
-405360
882839
-916465
-259854
893856
643456
44913
-132304
-56355
-777751
425694
322843
989290
-743579
962826
218892
937120
-323277
-518828
876699
-994621
233581
-9907
213461
639514
-589837
448925
144236
484417
-231726
253004
-180443
-932977
-178739
88626
-214696
-484980
819612
-522314
-679946
278294
-71324
73182
-261856
258883
-530619
797717
-8990
-455888
-85468
-74642
637984
-981389
775772
283941
811443
-9787
-36900
179402
-49386
-441561
747525
-783920
-836082
184321
-427909
-724049
932655
683544
-831794
-630491
904059
-596609
-556606
-737604
-106371
-845253
-310725
288387
444669
777744
369254
-285938
-260421
-876561
-420914
793931
-15804
-70953
10967
-682900
-918889
-699945
-895500
-501252
879874
883717
-191783
210905
701379
264007
916358
393558
92411
-504865
-994929
-327925
-601650
-740586
-576140
478632
725977
542567
879816
501443
-215179
690660
607979
-4490
121543
-314103
997564
-280756
910111
108712
816667
-9432
739500
694159
186444
-155662
-976371
-133897
989842
-493662
-411906
357060
706798
951327
360572
-263348
-895550
30343
298015
501077
-445087
1857
-630746
-889389
-563893
883520
-640091
39232
-948824
-227226
659698
733301
211641
785134
688316
-692975
424000
-366080
-351481
403774
-567744
-522448
-388404
-636018
-550986
-577759
-216048
-828458
-123064
-20948
-840914
896354
-86358
981393
675156
-841411
523824
502343
594831
-37369
-115098
523552
787907
877652
-591595
2749
-828708
-3924
-519990
358441
589006
673642
653950
-126019
-365039
-757254
126986
-676969
-755774
-792854
-604038
798560
125907
-991645
469693
-272551
-859058
-90309
-411660
-909873
-239571
157567
-330998
-388046
-187237
310711
256561
-294320
-46517
-49352
792979
304340
3645
-413478
-118674
-776189
599117
-341801
-415204
-859
819297
-496277
135352
-851320
-229666
811878
297634
-8125
224629
-949592
926630
274205
846195
-123026
776997
677405
344308
-507167
384080
-350334
697224
880828
137849
-526630
74105
286452
508933
763031
-205758
348784
130764
-558869
-853380
874095
720160
587996
969416
-219607
259883
621739
-764152
184233
-597017
300776
143823
418626
111121
-195199
510033
-486097
-51903
176296
817507
101608
-561021
864061
90170
887497
-688837
478032
367269
267620
-349133
-998343
-653250
-981865
194408
78145
-639597
64483
725987
301607
-864944
392620
-432576
-855943
509557
-97960
-130450
-950210
-294362
-685802
-162676
907083
-495168
472762
491930
-32434
779933
154334
279703
296127
178595
-300952
934662
613509
900448
635597
558288
130967
461597
868218
-982437
37514
-762992
-260342
430960
-537515
410771
-355866
520533
768293
937203
548190
-250069
-692469
-992897
-795649
905271
-105180
-990394
-147229
-263793
890370
951834
-472573
-481034
-654676
-191739
-402356
-474767
501289
566418
-634236
793445
-482200
460961
-105979
508292
965935
943614
334699
-280014
-752745
208999
514304
-672948
-655691
369832
-920423
-703842
466560
573848
249712
-816835
-909913
-801845
-204585
-462444
-697895
884402
-871954
-989139
128937
-515808
1667
501422
572634
-370030
-778348
-447490
-426174
981186
-807499
-132585
-351775
-834427
-840577
902087
-908171
-466521
-684769
59028
518846
271705
876332
550266
-770649
839127
-315330
12732
104581
394535
659501
6167
453765
-603365
128650
171655
424727
203640
-837665
564637
-171529
-65155
-200440
-30834
453431
455329
-195610
-307348
-705423
560321
-274299
111209
-501634
494043
-384211
324413
-93726
52940
-212437
-490594
36002
-681926
382636
-102800
632585
-598991
-303084
-114483
-135635
-787214
731814
967516
-296699
-528352
472449
276545
-660018
736470
-747091
297659
831595
613456
742196
379736
-965578
795111
914833
798408
865930
25012
690079
-158189
487913
893880
597692
-321983
-134885
-258852
686530
988776
976850
-155099
87831
-441605
971057
32426
896517
-284172
-577116
884002
118409
370657
-911847
474337
-430526
941677
-115916
-578174
-533007
288757
-881410
-675982
867851
-380868
-775911
-550577
-593869
537263
145258
-762154
344661
218641
595372
-81754
220045
941259
-198325
-78557
-6086
-188325
-255055
928366
-869527
-756833
-798529
849064
-877974
-651433
-685314
-756081
239585
193700
790231
-815219
503791
353293
-504475
461163
194307
-306872
-356233
578278
-807757
-665560
-357401
477398
450016
-223597
581886
367509
823627
-685513
45263
-132935
572917
952663
-786673
523079
-372672
-159239
-601947
840475
-137647
330862
860687
457873
-239140
714176
626940
534536
446620
-914591
109932
525840
954138
-787337
552454
235293
-930867
-89939
-584169
241659
540992
297813
288012
-23607
-483434
686660
354012
951553
-833814
774240
-263918
-339263
-470398
697286
719389
-374161
13599
-22296
-96937
-497839
756399
711571
4785
-544129
-889548
436747
907606
-426993
171353
-73549
106517
-869520
-257491
-23738
-1877
-698922
-921069
-96149
-974137
-713879
-280558
-79505
-530560
-488429
-22893
-663054
890303
107938
615896
955367
756902
-767257
465945
254111
632823
771220
-485464
702033
-396604
319813
250325
732609
276473
-47145
-35468
-426485
528646
615104
455451
363920
435710
-858223
981391
800340
945781
-658875
-366365
-437259
-734387
-795700
-853661
380002
-540180
-591569
-436375
-187568
-345893
393398
-170121
-453117
67258
-209494
-587110
476714
233365
518475
-206057
863300
71427
613445
-226852
665764
-938600
-404903
158391
888201
353206
533339
716677
-307285
-819183
-427384
666843
392304
-527315
-108189
814580
492849
-398992
424429
-523056
129755
979928
492826
546800
582398
-586684
758126
-310025
8734
-343725
283294
3761
176944
-882158
-483368
134085
110244
-250989
250770
-966708
-776977
770968
-266428
-24148
906071
-118334
-254058
-558267
-735533
679378
698837
-436142
-975855
-396080
-453015
-769810
467500
29523
-554337
-320582
267930
17110
-240878
463835
51906
14579
896011
-707963
592513
-4194
284836
-859442
-266432
-123808
-811474
-656095
376393
-994002
-115668
721239
167524
-736459
232981
-879692
-477605
744759
268584
-741574
904835
256055
215232
-289546
-291983
991264
164078
957653
-143360
-533575
855289
-241010
901550
449077
-377485
-900648
208678
118216
-466496
563720
-951357
-603893
-855063
203834
383864
-918195
172911
-657759
-552036
-250651
354032
650047
898953
768947
813515
669176
180737
-67435
576294
-108111
-376977
-512887
319774
-406940
-286601
961152
206865
776055
741647
-929922
-215442
-384626
902545
-564847
-388272
-964175
-566532
-291285
-166447
710826
-533628
-587309
294701
-283210
-684734
-810244
-247985
51868
768844
-22002
185747
948379
292098
553497
-270237
-618338
-337714
119049
762349
-302209
945940
-916034
-115379
-558487
-24951
515243
-654130
-288006
-578619
-177828
821388
-124007
-723751
511397
130842
-550331
298030
-876626
-667759
82117
-878650
-449279
-493063
-658749
-781823
-142741
338280
650087
-661711
659438
168809
464191
-169871
-102055
-109397
-31911
-842258
-472914
-566681
645338
-176398
-893723
-655752
820173
667080
266174
771157
212470
664329
750485
-535131
-928933
-555221
-494361
277360
959696
939910
567868
961657
109670
-282337
-806384
962594
-828152
556894
-123903
-868594
925561
408737
-352486
-580321
772023
372124
-967848
166971
580098
-274852
130843
171251
902346
22049
-409267
401462
-806211
732905
950840
-991155
923019
-371515
-291310
-186772
16918
-539536
537026
388635
587684
852723
-167385
138418
662508
714153
-970791
739359
-743448
639525
-691130
-110272
-135827
501036
492581
597698
772903
-521994
-548445
-758999
-221823
-81098
-510508
745466
330813
399661
-332329
-457731
-8004
819355
-797869
-812760
-746066
153203
-874125
79572
330525
-423911
575194
126133
212188
566457
-46108
-986298
-966702
683188
812581
531428
-299186
-151495
-896412
441043
-458380
740258
-272224
-607541
-186796
917675
33201
812972
491430
-504919
708956
-743181
1901
533903
812043
-571829
266467
-152839
-949076
-790135
593109
424478
377929
372672
-576929
143824
-680443
21289
341023
351141
-500114
-329791
346741
-348012
839291
145110
653170
496816
-45295
-392308
-344854
-260439
-92930
574891
868421
674557
-810663
830710
-125447
-118440
-880225
360001
350411
921652
-852319
459136
489699
387346
-266787
-61839
-508358
886379
348934
580386
-257772
-666616
620762
838357
-209805
-342908
-871394
-643180
-341973
-476761
-955561
778489
256573
-260179
488324
181226
268619
238562
-519184
-674018
-159804
623424
-588648
-865421
923555
-156918
-14709
-649596
-97464
-447402
-69167
-476838
-233701
-701259
-490210
-428922
902353
-105102
-287818
156014
-176350
236266
-567664
648319
-746406
-329334
771963
-225941
195371
743063
639872
-540930
-518940
526253
347636
-360501
61552
-723659
114152
-691435
573853
270884
-264384
-543969
-701597
689588
-796375
-573117
-107581
-662097
460750
-404137
-764863
263330
-846253
357615
476503
-345058
10824
-182696
749845
-123974
-847914
41818
-312829
626563
344547
767415
226765
440261
-120528
-670127
-191864
-627719
-206768
808997
-718061
844606
-297027
65929
-536264
-599942
112054
-273609
333184
-733328
555267
421479
690119
-53559
865884
816007
-195896
814449
-998370
-907840
864228
192132
-42514
-360732
932149
-907214
528989
665886
-383588
963323
748886
-83159
756019
-963060
-310865
-339388
129571
-418139
148429
-757805
702224
-137917
-966841
378912
747429
975685
104711
-148780
979651
917959
648762
-548455
875741
-198668
-393913
-123060
-118521
-442095
127753
987964
779022
75232
-107925
-183703
-880950
968019
-147769
-432687
598091
674343
275127
-643262
811244
967774
-878839
944225
-557954
-386434
-638579
611827
-121399
176259
-52573
-83467
-404450
684902
388286
-207618
-800420
-29481
-54600
266951
812601
215499
-636735
80290
260081
557584
-714332
-669167
-117461
-673486
828699
-578599
-739212
900163
917961
-624455
-414821
-494811
-11034
-192024
-666596
436461
-249676
-103869
-625567
-5974
154273
683205
384170
-185242
-470835
-735188
-275845
-764420
-568992
114298
-293063
-168332
204230
-667818
824276
-53466
-16489
-132259
926461
-915940
480011
-71263
-321691
-402401
160635
413227
-133781
-607894
-796894
942469
267742
-785735
384735
716157
162750
780103
-814600
17802
-275431
605012
316319
-279843
822497
-384820
242136
-341090
371591
382235
-982742
-567600
385343
923642
-134907
38244
-679686
587290
334647
-428066
-656057
-535111
546764
-433135
-401198
-700092
-412533
-525085
-546361
750217
-403084
-353160
-503687
616667
-821005
-494344
568646
-91845
-507120
-5717
527225
-227155
-269889
9278
-850879
11604
164825
-850714
222540
298242
953013
282184
-23633
229724
974153
70155
439066
403208
-470037
680105
878605
-651697
-33507
92397
-532277
321743
132610
547390
238033
-923300
-74739
542084
168211
-864414
-894299
202036
-192203
256853
-40796
-255197
671327
-665633
-796436
565356
-771234
-59623
-837713
186758
239154
-908339
-478207
170484
408388
-196052
-289237
-134669
689716
701867
-179173
-945040
-378315
35778
411654
-533732
-646463
-812714
903876
971011
-259570
-952691
15451
-457450
380725
-920616
-737740
-317823
884046
161575
375986
-538437
820767
-938924
-783072
240108
192288
-766482
335766
-490489
-108858
567748
-129765
487530
-382683
316557
927050
-57804
741555
894716
-203430
258684
-274750
131712
-851210
847519
-813764
-774327
-795418
-509922
-120758
-850516
-715277
-959974
-491508
-277776
-236320
306548
-512931
359772
414292
-238244
-353475
869115
-153002
112642
-346902
820861
-82568
310092
-626049
-645836
-962271
467926
-512944
607383
-466425
-738204
-917636
568217
74748
-985132
-990476
-532895
-316432
-831697
16753
910206
486633
553066
839668
770209
-603803
-927168
-686894
518047
441714
649401
-273757
902325
-579688
524648
415487
-421525
59259
335549
-415488
280768
-181208
845971
-211057
-614630
138566
-88900
75509
-175234
-858270
174777
46455
956997
-701538
881462
-333443
-434713
58112
-630465
-34532
-57867
551483
954948
-639299
-475685
-266229
226254
-708081
918640
-830373
-186952
-90203
-894682
807056
-479396
-800724
598840
47920
-107892
-819295
-690706
-102204
368735
150386
202903
-758224
-563615
-703617
464430
-658499
-742377
-474033
-545750
-320822
-674816
699880
150377
708760
-717363
754162
842566
-621902
-782758
959538
-898945
-334298
730212
943975
741519
210964
-316468
-134933
-922063
-305515
-580011
489895
892274
808992
-403149
-511661
-957278
363084
-530181
272358
254075
-531209
-361352
982854
-690283
-617385
732527
385550
981983
946321
157637
-668736
-440801
-64614
-267012
503170
530095
182943
727768
890278
-222678
-594182
789480
-41836
-683960
364405
-682382
883376
234379
540073
994219
494594
-884992
404772
-457443
-284359
-874150
-926568
-850922
-71932
-660603
837960
945282
914005
-907978
-330060
773935
682480
135961
785230
-5520
65789
-356633
603199
-224358
-732022
396938
-668644
-640655
-937426
322063
-541847
761213
-520330
386866
-434147
793000
115195
-44568
569760
906007
393930
274206
-70714
-218542
-755943
-10619
-774539
318663
-501615
580981
150487
-973895
-844701
217004
152985
515163
656548
700460
562528
-363241
933754
-802290
76321
714871
-35297
-29093
-473470
355534
-28797
809311
416616
-128052
58484
603450
425379
-995360
614787
-206687
-33544
-165822
-559716
654396
226032
39892
-983867
-509025
-656907
868194
-975815
393580
928170
-264101
802600
660435
938285
669757
-567419
-904397
-801170
-266907
220638
450835
-962758
381243
522359
471113
686079
29824
730822
319901
-297125
268116
527480
-297786
-186213
-320627
721700
451668
143016
417961
-32552
-129715
-350861
27050
-696080
-152205
-474448
-127519
-131471
50962
-479301
-894079
-356475
-427093
-700168
-875530
-432782
-24189
719157
761192
801303
352073
-476444
-602591
92683
-534501
524487
114349
837362
-537237
532667
-194797
-3547
-222165
817339
676537
-568155
-994266
-637812
-546707
87007
-957253
-366195
-341855
756118
-296576
-689033
767805
-925146
888335
-881722
-661980
910633
-941390
560409
-14025
-908417
63455
405744
-591795
-906036
-772128
-764044
18677
-137754
-692714
526283
393067
-6172
450957
-942491
944826
-960896
-867605
-802797
-365648
826808
945134
-187186
-365265
-610057
-997095
-77419
-884979
-18065
-747476
-800374
-694024
864845
66937
939158
164287
-850307
-62258
703695
-525620
-6302
992220
-984237
754370
95038
535801
88301
-423573
-67257
151881
-394938
-505429
-229233
-31043
-52488
808775
288690
-264659
976484
997874
902826
-280356
217774
-8437
-122049
832131
914745
909292
518316
728781
408988
543848
841757
372175
-659375
868506
-29420
-780929
-230212
938868
856145
-497935
-594466
635704
918208
899691
855039
-746644
940089
748340
519520
-460510
397786
-206907
-389345
139503
-77523
139282
816722
432375
846106
-531436
151427
-473676
756241
-885783
396750
488675
-313621
-261370
234774
-465626
856541
47313
229639
-647291
-440553
-518847
559927
721079
202858
54156
-172389
-942924
610217
735471
296954
-116751
-640895
769749
227402
11741
99040
-36235
936442
277126
-310581
-379824
-62984
-876273
-300247
433198
135116
-735560
122800
227500
-31717
470419
269523
-56957
141667
-279004
783515
-754328
-310269
656695
581128
883498
-503486
384432
12544
415299
-937170
-116672
38779
-861663
363547
-142232
583936
735166
115934
936862
-713114
-728740
-799119
645668
-301970
946805
-201514
-481736
18228
442508
360730
284264
166215
-676645
116043
-303806
632800
430492
-286851
532421
-93551
545908
76390
351929
-895303
-187403
487033
374277
-228007
882522
-283017
-757270
-400857
227890
-572745
937409
-86085
-70193
-261175
-324220
-856344
98372
560131
-152528
-652231
-947517
-694055
654170
-584310
-511817
-860956
763362
74708
-105014
568423
380716
423040
-655453
-36187
783674
643874
92027
-433236
-597794
259515
499516
509697
133070
-670564
-309145
-843268
353857
546797
-255983
-280209
-192459
-528063
125833
838587
480335
-500886
588937
-871330
126107
-428272
-5624
61963
-801533
664642
972043
797286
947015
362841
786872
-861555
497951
468357
-293664
-249429
-617587
729727
-149274
38568
391541
-103327
31543
959718
-510420
244391
54334
-95170
-84041
-773277
479128
-866232
-964472
-850306
-630539
-688181
-193144
875112
421846
-579761
-571421
-386295
261554
423983
458408
-507671
-966528
-153103
-375707
-164967
37594
934024
-698952
568014
-256976
85703
389138
-660110
199466
711875
-402348
709649
-273576
274658
-143369
240845
-599800
110912
789498
102709
-40204
-135349
603844
-39475
-184820
585707
-316950
-43067
-241423
283238
-287448
27884
-562176
-224319
865879
278095
-334386
-31956
951157
11146
286397
635202
81157
587571
652606
669033
590148
-589443
951972
842814
-796836
-607889
-867001
-197009
-20587
323080
243904
584094
769980
-259030
760286
859326
232301
517725
-992453
593195
165651
-673129
-367872
-911845
386140
206086
-753312
-142427
-507159
745479
72109
176967
320415
709621
-820554
88064
-666814
-681553
147461
-11881
-226645
-505840
-640273
-476133
119252
279770
-546213
622302
425677
-250882
-66835
892591
510319
-937659
-123711
-896546
770956
89665
562301
-69948
400358
-175598
360320
117298
-4656
-116015
96625
376864
689088
-702027
469834
47219
-238500
478751
993403
-338772
-43766
287574
-687944
-635435
-487016
-119555
93514
-134041
628855
-526179
670367
364606
-382525
-320772
887126
-671058
112093
258382
355871
-218235
-988421
353981
89058
325874
-544929
-704635
-876261
182217
-850955
776485
85606
567515
-112820
-633030
-463267
517616
567087
-713823
153461
559377
-341724
-441394
153561
931601
-621954
-590165
764754
-762368
39692
761918
26051
-307637
605302
-406481
-265387
667522
-792825
-223540
553500
-593931
-472383
609959
406519
869886
-106775
-767612
452827
-137775
14068
-27454
613786
-841123
-362536
216122
-528548
902404
-593195
446380
-750056
-743410
150279
-61395
-61835
-888730
-811657
161850
674859
-725237
-656294
379054
-759010
-260796
-360884
924211
-959286
-768606
-675295
597724
-65136
399941
52444
417654
578369
-284802
713566
558585
15999
-884247
152502
-665749
-629778
803742
768747
-925503
-96849
98448
-239409
-489867
217564
672615
605482
-802402
-594586
-652209
-547013
-680568
-874134
389048
-400965
-205488
484800
-945162
-894117
-183192
976083
-966957
-508208
422730
-467947
-374322
-503156
487420
161109
-879702
740711
-171714
21052
172924
913872
300124
563718
-171182
-947354
-794552
501637
-938262
-200166
306602
-363353
-24886
274744
-611130
-305825
95593
-188174
-314870
-191400
-495569
790648
-449516
-253383
-442936
974021
710769
-596806
190098
547330
-476642
-590380
-233353
749941
748591
-418859
-835465
-525372
-693749
-511008
116265
619701
888208
867964
755503
689694
-821558
-545038
-167564
-212999
460454
-673494
464465
-450385
-179070
936819
-530403
-118728
209085
-907680
-184131
40713
261969
-242318
415063
337712
-54861
978905
330588
-939810
-296381
46850
584802
-113744
234369
-879138
-446594
-258548
-382432
791081
-912069
973919
-453707
-419638
-135598
911418
39618
680020
-890131
-748911
68116
265178
-11645
-218178
-476225
622568
-63712
72566
740773
124006
-250535
-641343
-55342
-230338
749236
-135051
-423409
186896
-843011
-452390
-202440
249381
688801
543301
195762
-301987
-139156
-290560
-548859
-55636
-678869
-311132
-893022
-489548
-502248
-365537
658564
-568456
788716
-413079
955015
417829
-422307
-55262
581346
-692960
-375795
-499045
-590292
-672273
985409
980682
673082
949914
28508
-7935
884283
-891947
989306
59235
755249
-183718
-687208
125602
420653
-997811
-682670
410072
-635359
569871
762690
731456
690541
-752899
427854
-810905
-360918
-728011
154231
389537
426299
-5110
-368834
968947
-171278
39048
-493040
307124
-499139
41133
730766
-990402
72529
406847
242867
860858
314961
802133
725860
596181
238762
-167257
-890852
-715263
-463917
-279931
-38899
525011
-277941
-697037
125243
804906
636393
863306
232305
531016
907168
-613619
-356147
-59129
-76281
-346963
68780
-960138
-359233
-598446
-100527
580302
-366043
556313
98957
-366
737863
104857
-165368
-841720
-274984
567723
-114919
213421
977987
-120338
705737
744009
532637
436841
495905
-745189
-234910
-93407
-940283
962881
-161131
496178
15655
475206
-454000
-466519
409532
-406276
-84785
-919773
-589567
94874
848984
-654965
196990
473160
-585951
617925
876738
81805
-673276
-963518
-276588
90796
-541896
726723
264737
942998
-505949
859049
-491804
984435
-977268
102387
337836
66837
81880
-664985
-562078
-785720
-877887
808765
71160
-963977
-866564
653750
-813075
532845
-108137
138265
178647
866577
693775
-742742
237499
-208874
-574096
931163
-79439
-792506
755442
-661047
-21120
-363751
348347
206412
447705
478920
-954838
-746766
-106105
91266
196273
-619576
-730595
-775509
-267266
-586878
541382
817820
349567
985184
-703587
200693
-684454
769215
-777568
886963
-971021
-686814
487595
163778
-573783
618691
253627
752600
-205343
-559153
-469900
26303
-120074
949354
-689486
807068
-836339
942098
-977928
304858
185884
118586
963818
-639792
-73003
-169012
90246
986557
758855
128898
450308
-166207
176343
-117866
719807
424644
312345
338345
-775840
-588657
760620
515587
-321776
458002
572616
-496846
-221846
479236
-589704
428884
894930
528152
524829
-292763
-5108
-396827
758508
-920821
-96333
293454
-809551
-327080
-557098
-441880
672107
678790
668885
-533702
653535
-543337
-209088
-455866
402389
229595
903027
-103008
-232283
-961430
449314
631876
484302
162627
722933
217685
-398000
-33246
-210170
264762
758101
-48962
-335276
94587
-553602
-206308
-423013
-706326
985964
390514
-627916
-293670
966016
687810
151509
536061
-457896
707028
-616010
415435
-872369
-708083
814039
289301
-435715
-266609
869520
-515853
-713458
827434
-749812
-457050
-723644
759153
718103
940941
108914
-485333
-904585
-502246
-978630
932455
-412733
-400297
-860074
-980148
217593
443375
763968
-129960
144337
-168174
-470143
-382260
-313760
264051
-536242
-557004
-163904
-130017
-137631
-311280
-432066
370923
-638821
-486966
827059
-497889
-194221
-142498
49200
405685
347997
381865
-944069
558727
-490550
982726
-831965
68551
-115709
364341
943938
99949
932551
-700771
-110682
-721994
754467
812250
569469
48833
-835181
-817000
-261265
-947432
855668
43166
-295978
-676626
-366201
632472
-516066
-606542
-904173
582000
-943393
-137229
283694
710816
924945
-112697
768550
-172198
77897
-64621
-261600
953371
791831
-994120
-540692
737194
786424
-459796
-336135
172780
-675107
-828124
944199
38888
-196921
-84872
-2655
-1057
646476
-572374
360446
-83392
-324189
-908130
-728916
-842626
282260
190673
229212
-38864
74971
264222
-314797
-547446
-261838
-192388
670636
-734468
494487
875120
-629673
-433384
-761975
-374169
290779
-299737
2844
-832742
541385
477529
-429192
950025
-645921
394772
345667
-453010
288265
-954513
596865
562574
834462
-167305
58191
954072
839628
-503959
-729061
789767
702069
259577
-125250
-677082
-812301
-673688
947771
-624410
522065
-209204
497565
157315
358166
-30233
-617020
853903
43295
-830411
-163630
190826
-516222
324422
-483254
-454955
-318569
-99241
527170
-354112
376616
-291386
972654
-714366
-749195
347106
-609918
444418
598228
-163771
-882462
78871
418868
775554
-427070
744501
316833
-429487
-606539
853350
96093
784715
-997938
90085
-66859
-395144
296090
970671
-41689
66833
-57519
-699741
-959635
-949516
-675869
-537992
222586
-211273
99733
-894697
560385
697539
-138312
-323097
-853294
-764457
-842017
871800
-51217
-44470
-649926
-207041
-285755
321750
-825453
-329505
-560244
734600
-803069
30535
267433
678487
-731934
-646276
-870061
-532502
-8548
-403604
882777
334375
-676533
-453515
60871
-515832
-97404
-320393
85649
186289
845650
351868
-506996
471908
-960113
-143439
-461406
-157861
-289999
-563258
65807
-851023
634072
-925279
293564
-246165
-680036
-630126
360551
-632800
-127267
594543
798785
638533
821333
281689
-879348
-54021
101202
-848336
181846
47936
660853
4954
932616
-585192
-544245
484675
634461
-622314
-567154
792843
-465655
396981
-295165
359828
-896929
-831117
-370918
-193709
-839604
585586
-3948
223964
228800
-239346
558404
673129
-858104
432825
338363
180431
42559
100881
-756399
771382
-361445
304918
565107
546742
77249
-309358
-992856
745117
-943530
-714641
-307666
295266
332354
148896
-280263
995074
384878
667948
719386
125464
-339193
217767
-331804
-484264
-80512
902316
135803
77097
922026
602373
944077
-581745
161443
30935
-841805
-324031
856423
527911
703645
-947301
752244
-717391
-561748
552900
-111714
-84753
110119
454277
360723
-640475
90560
880619
-399738
443845
718841
283770
691169
-184652
578078
421396
128319
850333
-855572
926887
-620227
-638127
-57511
-106870
-486986
974767
147686
486203
-545054
-612066
-218339
461661
-345809
362193
489350
893454
520542
749351
457345
441367
-595489
454171
149141
-800640
-278168
-25502
-657375
-966783
159932
955658
717627
761076
652943
854418
-295241
796371
433006
392521
-227703
-987695
322618
-236612
49410
-259949
388955
553021
74148
934630
-890442
-99707
250179
904936
956296
222690
842272
643655
-955812
-390193
446039
-766998
116691
-368519
964154
871858
431773
600718
358769
-208745
-414986
-875503
-142870
-377270
933580
528431
584038
561295
-718281
-261148
-960540
-526755
-886965
700798
934440
-935298
774002
707663
-819979
931799
-256925
169967
-179305
360733
-575850
-401793
572337
920917
-2107
230819
-3904
-156319
-263920
-303604
-383143
433496
-367451
-783737
-459850
-963819
-53781
-602087
-66129
753810
619031
-961470
881573
161990
927091
228424
-817107
237512
-230908
-367053
287356
-482361
-10348
873236
881932
-496415
130497
-23691
-345983
-641640
861417
-147323
-865523
627809
406174
-1343
201458
179807
-45417
455366
-612371
306116
-638483
608673
655012
-639734
-475333
695621
-115932
530393
-763182
592361
-45173
618925
-1526
246926
-569991
499884
311153
-928710
306335
818499
-129122
-182811
-536427
-3206
919708
943419
402738
-155307
-711965
454178
-366396
551023
-556401
110179
778210
958425
-209970
246310
526105
97295
939198
-916616
-972292
949819
-403855
-19452
638262
-334981
-725320
-390399
-106568
648033
-288356
-915632
-184217
488032
122498
63586
749697
-637804
165855
-291968
-264354
515506
-765736
563972
-294692
-704236
-21767
-828197
-864340
-766606
-213950
228171
126212
594487
-967514
-942710
335589
23130
117044
978883
-325122
-43168
-562653
922075
-994837
-775678
633622
-238440
-162369
20758
-657694
-685800
-612213
-584711
397730
417349
-267638
15038
557974
206940
-700894
31996
-891860
-536100
-760409
-460718
-442540
-542517
-815609
754286
-603095
-464862
628447
423565
-129301
599179
-632899
19015
-670508
161439
788211
-792775
967942
225617
146067
978461
560426
-991525
-299034
310927
455212
773924
-62477
159273
-169625
143690
564512
482403
72789
-887440
414100
-288974
-908274
163951
950825
102869
-31061
-946555
-131861
378374
915718
321346
110430
-562444
568769
-825887
830712
323154
-604665
56100
892576
-293657
-493591
-136954
-11309
-27092
-418083
271750
920076
-780529
-207642
797578
288843
936889
-609055
798255
-53133
-275278
412344
117283
-622905
-299401
-925330
-214339
165701
-471436
-501487
-875423
-490260
735138
-323811
74381
-435964
912286
114247
-435256
424569
-664539
-760888
367290
-121214
177361
781335
925901
-271664
-182368
199318
-447334
-773814
547464
145707
-459170
-235175
713429
-747988
717119
632125
-742000
-395897
-552735
-579945
166814
-259708
-52527
-196458
405433
-609663
335356
-594491
-744746
187816
180852
354127
-767412
77391
311876
-459032
850853
844992
-118752
530211
913588
-903551
-764567
-698337
-889555
923012
-216025
869121
273409
-316789
585094
681702
603072
389580
-467482
856723
-236149
-898787
-492831
164984
-436112
-413687
450298
-628213
66357
-401140
-537863
80359
-828980
537219
608356
-255878
-665224
893116
-380052
596473
520713
709217
-386650
-619349
-203635
-798011
417938
858608
1775
-979590
417545
228767
582612
-268954
-161831
-467152
733587
793509
750184
188472
104536
595049
-101588
512381
286280
508273
-397228
-961452
462494
578924
-657148
-744083
-937914
486828
-322352
-756350
524446
630457
545420
-444259
369215
465992
-948237
882024
-436446
437251
-165030
-656525
12817
-8449
941179
693080
-278181
532809
680575
403862
-818940
-446712
193617
-489250
-342582
-768975
-768385
33813
-896039
-166703
-802943
-717302
591402
577413
368951
67188
-850969
-367402
-504664
476879
-578616
551125
361594
770426
605292
-682393
815698
513923
-599716
852711
-182739
-434179
-926805
-728415
-531000
714537
-753276
-436653
-536290
-804833
478108
-686588
614361
88691
-746805
583392
-6959
206044
955000
2183
58168
-4711
-589917
606753
-71121
-694480
-911905
-331436
605315
594130
-225811
-949651
119519
-751171
-785772
-741297
-622495
432843
214733
497104
-782694
557580
-813852
686336
712548
-739282
-947754
-223830
337021
-263264
255746
282603
927753
-917717
971939
904537
-55907
-708207
-499010
157351
465907
299966
-143441
-280318
488686
664848
-12650
278826
-292032
-518337
-710139
-18220
-466122
831748
437252
-724260
549022
-214799
-295989
-118423
-827570
835149
347608
684104
281369
-417770
-74950
650154
-969320
-276307
664429
-610139
-888763
-622914
-530957
-792822
268416
-877152
-746109
454847
949003
358788
575465
-565023
-407172
-282982
478738
660534
183123
-37586
636068
53421
540215
-75490
82555
-578986
967022
606760
70779
495317
-734261
343109
-977761
-225332
-935866
743229
-914261
624399
91908
863302
-891819
327053
-125816
589100
921757
301116
330476
781633
-481186
-946831
734587
5305
-442831
-340815
660012
-976193
954091
-851745
-130473
271024
-972
200008
-455827
-46271
469158
-28639
627527
-974402
518307
-862886
-194966
831526
630780
530214
-284598
673339
696826
32072
-50470
749317
-96366
-718658
-71476
723247
-23344
-711895
-199044
900433
844951
-601520
666372
-572099
823931
796287
-947045
337888
-877268
153093
688598
-6882
-510531
-870092
-57459
-357864
-775776
-283284
-459736
816612
-944605
-614414
219269
-36319
721729
224851
-698058
366434
-629504