5000
20172
69165
32376
58156
88450
12136
86724
43362
59904
38025
92800
31262
33337
53865
2635
17347
34650
57408
17340
34821
52998
94325
59682
1620
3816
77050
39856
76212
19608
70218
78570
69046
5278
777
73414
41769
65664
49245
54510
84018
41949
30420
31556
19140
20075
17220
8732
30210
36281
18050
49410
43475
3510
93775
36472
9176
42700
84640
83750
65170
12125
76849
36550
44321
46138
51250
2673
27600
51940
2183
48230
97954
69905
27030
56672
65403
43148
17266
32250
74518
33654
19110
1230
38304
70091
54464
21472
7569
27588
21824
41515
10075
416
55083
3096
70642
27730
42517
4480
80032
82600
41123
74800
42550
12012
34188
22525
62720
703
97944
9920
18189
23287
43953
57749
28934
55845
12259
611
4316
33374
47334
14391
13662
14147
1023
95082
45315
47601
91466
825
55022
2170
61104
91080
32025
38412
38786
42570
29820
16511
44968
30889
39936
45045
44604
21440
230
31293
42742
38160
57510
63457
41175
52954
51057
5041
16512
14335
65392
82156
55188
9331
13122
17169
35960
28305
10108
48384
43681
25347
1216
2790
19206
9112
64974
45353
6732
77163
39767
44022
99826
84318
80724
14145
31482
44950
38860
775
20460
99076
8610
75260
12480
17576
55539
93275
36556
81702
51480
8094
33000
39128
34188
21825
16562
24921
6390
39375
23125
58435
50102
13572
98164
7708
33813
15428
27417
47047
1647
1072
33088
11088
83721
41205
58685
96120
41595
2875
16168
1591
17917
17982
92752
97643
11470
87131
46110
78120
54614
2343
6118
50220
38988
63990
2405
60630
61110
51425
31205
64657
56644
90090
425
3534
82600
28905
73899
76800
95718
1768
29097
77409
5476
67068
2176
10075
66748
25326
24111
12915
3965
56210
60835
4526
66123
255
64170
39150
40936
55056
17523
63597
81880
84388
78255
58740
9424
7050
27671
38918
86724
80586
12060
5256
97838
98272
84645
11999
5856
68900
56248
41472
53360
91047
24966
70028
95353
29548
27025
13680
27390
10647
79424
15400
49608
70432
54112
78125
61710
57155
48500
9877
6364
87890
15181
6960
86955
91295
34983
44517
98974
14739
38080
23478
84535
12070
18592
3172
85728
24064
50445
46800
47310
93248
20636
32745
18285
37638
4690
616
56994
24321
31150
73695
55016
53130
97704
14062
19256
14739
15423
3293
92659
44764
80301
13664
23058
66270
38295
98189
86284
57670
45590
54188
38324
29680
4785
69174
3993
84665
3657
18620
83545
63042
21801
39672
17765
5082
1476
26019
42008
8804
61659
6003
87120
87780
45264
28032
25760
98560
25725
21525
58292
58
4557
52700
91732
57188
3871
7429
39923
7567
3471
68894
24444
91368
75809
16884
47601
48374
76896
1541
9269
91020
60639
56168
82810
80883
29394
53650
71463
14553
38850
5607
93636
67804
6032
27950
69
74200
20720
51920
43428
84042
81770
16910
44620
87875
19488
22113
12610
68600
94900
32110
96075
48416
72446
8319
93366
3213
1975
19129
1404
71955
45225
15438
48144
5494
70350
41890
21417
68962
37674
20468
33110
4032
3560
5600
725
62744
6230
40068
28158
59500
54940
28611
6806
3901
86955
5054
3657
2256
8500
25806
41625
34310
3120
91031
96195
9312
10545
95274
7896
117
16856
92960
1449
60475
60435
61194
48620
94754
75072
6669
57000
30855
25234
61893
80896
40362
16399
15651
84916
10971
5148
18
14042
36816
33189
2136
18216
69948
11776
24321
1645
68306
32800
52030
80352
30636
97006
2555
550
27600
81774
65455
16434
75650
53792
34304
21316
13505
6177
7525
328
58491
6888
83996
34632
67628
16198
4838
41385
74949
67734
44530
4235
32000
11408
82076
81125
7267
98049
94428
16464
96768
27435
18490
11020
34221
76650
92016
60888
96162
9522
77385
31682
20519
6549
6448
4823
18693
20732
51324
945
45936
270
18818
79477
49179
46648
83080
21771
13386
27936
6018
57155
8704
55042
1240
25668
83754
67425
9790
87318
3404
22230
342
96560
11165
36570
11289
13299
88660
95202
58941
19680
8525
27807
20176
28060
29678
58290
40670
66033
68586
14168
5044
9447
78455
82271
19716
55112
38525
18928
80845
1328
30129
19647
98
36270
99138
42665
64325
80367
41031
43264
66
23086
8690
3267
3536
47437
8555
37179
8533
51660
67221
82000
16863
93960
92778
52560
930
64505
56074
61893
79625
875
62478
12720
11252
19380
15486
7686
18473
82280
1260
108
71736
63595
80520
3608
15355
52390
87203
29930
5785
81081
83545
3395
47558
10856
25134
19422
39780
36378
88920
78470
71890
22646
6588
38350
60791
65481
12800
55500
64896
71995
6832
58725
18644
91760
799
19343
49619
35557
13172
34400
98397
31125
11648
12596
23625
3266
42180
96760
34528
89621
76048
50024
96309
2838
69296
47085
36982
84546
135
34749
2916
47275
2912
28431
7161
3128
98769
80580
30324
73584
70965
67860
22632
62279
5290
5002
22876
13481
31837
37479
39235
4950
3332
97485
12460
69938
90816
8591
581
97500
95040
34310
141
15120
70034
19580
55473
88803
8512
23688
24219
63336
24200
62586
29946
14663
42344
31211
31000
37468
354
1309
68750
19380
45500
6039
99572
21204
12920
17739
5060
10730
99134
91314
6944
54166
5220
80676
56133
79059
3348
63480
61404
34398
875
78880
3108
82732
80808
69531
10545
82944
267
12121
2730
600
65076
66600
30176
80960
51620
713
11644
54810
196
57794
35530
46332
9180
9945
20130
62928
10476
69768
54405
40320
23240
37128
70210
6603
90972
81549
22274
30015
47804
3526
34850
12376
15600
15476
81054
1660
2328
72708
15041
8532
100
35224
13727
10836
99750
31329
53325
55575
19840
15730
11109
42955
5852
22792
69836
60534
7800
90068
57304
36260
23128
82302
99238
2254
90459
24624
26901
28124
52374
26800
1940
99066
18125
1660
17061
4214
13833
14940
46926
385
6486
56203
16544
8024
242
86986
55188
5278
18042
22715
20564
64408
63
5687
49848
44400
86528
1225
17500
48240
17751
69120
64660
65100
32674
82289
25500
47610
25375
51566
9222
79875
6572
71208
1681
92120
24025
62196
2618
25
94250
2405
87780
57086
8134
27104
37584
2028
85085
45694
64491
49005
50048
22325
47790
72326
52020
44240
16605
4095
39715
13664
67257
9250
81189
88877
24568
26645
296
94658
8308
66612
1725
40850
768
36472
27692
12410
69368
38437
31837
69064
54908
44574
35989
20448
19968
83600
61226
65536
44233
22504
37125
24832
2000
83349
9024
14550
95475
2178
1020
66690
23200
51150
39424
60390
123
61013
18424
72268
8464
80427
17864
74340
17100
11534
49700
41310
5499
4100
19975
75779
20520
4107
15435
69797
11859
89744
15288
85211
50634
69184
79210
10320
3953
40066
80845
14276
8019
80948
22896
25392
9889
22896
53465
44022
74496
4140
35475
85536
56463
21780
1701
64638
3857
31416
51887
48306
58482
76916
11152
83369
23585
34800
10736
63423
73226
97525
52080
1872
25392
29072
4565
79827
29792
31691
22515
39975
44109
96209
69204
17848
46647
74052
23001
25783
26544
53436
11571
48175
48576
85932
2166
265
16520
35916
45254
35340
22161
48125
11562
16650
26136
62320
85782
90447
6254
12285
50384
80122
4118
91300
1139
68796
21359
11036
68241
16974
47082
25498
53768
32164
45942
2124
2736
97468
70180
94300
16810
77349
78085
1425
49654
75843
34112
82134
40940
69290
22
57226
6790
5609
34304
52155
10434
6292
45150
85312
8700
43245
64800
92628
1988
25270
56350
9702
10680
19220
15778
79744
32242
79500
37999
88504
7154
8687
93440
35420
38412
22892
31152
2175
2278
77959
86903
11825
76479
15128
77615
33019
89661
29348
4830
42705
1246
37230
38258
7888
78200
19995
47564
68442
80808
85157
6390
26840
22320
45152
96844
20163
49966
78489
14162
15523
567
86320
1106
4209
23569
96063
18907
55290
28014
3403
54625
22425
25254
49200
11375
22932
49068
3843
59
11223
21411
31161
17856
49880
3599
38715
28652
5820
338
42994
72695
2314
92344
54405
18879
38448
1196
64320
82775
84252
37367
28120
95038
33756
486
4116
13083
29848
86229
1204
99470
2300
31098
1139
8649
26486
98728
12144
90651
6175
91403
74359
37665
50085
14336
40467
16384
44793
22360
13056
23585
94423
45414
73810
67252
31616
23276
40836
29078
16992
74880
63729
2
6052
37950
52327
64152
6149
25047
62868
27084
97498
46163
48919
57750
42757
66330
52260
12350
17157
15930
63257
24675
84240
75900
20295
33614
4539
12300
85766
48195
36300
42021
4690
6069
79170
42067
54417
31302
50320
6859
23750
57
14637
7425
41477
87248
65208
987
52510
8177
20868
9804
15900
36656
27600
57316
4147
31088
3818
216
25600
85629
87615
28140
98838
90768
54450
93541
57519
25025
87285
52065
46013
86086
2279
54166
29682
99693
38350
61831
7505
69360
66600
9801
53795
48139
39168
18425
370
36890
43011
55290
75276
4171
4864
15730
4565
6174
64325
68425
9801
4361
7670
97196
54264
63960
40448
20672
70656
38688
64113
78045
20945
93184
62582
13720
80896
48776
97295
36260
80427
6570
38976
6734
54288
74404
48708
5640
74690
18105
7344
67100
17545
19256
9375
14208
50694
6251
3465
61479
63206
38258
6624
86072
30450
56943
19856
6251
7540
52864
97006
87754
46189
35175
21248
95202
84778
30303
19822
74700
81224
31450
48642
33800
24534
1316
1943
47915
38628
860
42029
20240
147
14045
98252
93436
11205
49266
8944
58006
24
51830
2304
66880
25696
10075
52049
53940
99238
70805
88209
9424
5625
1407
98515
16856
70315
3358
86903
14104
9882
9396
98384
87131
3362
89056
34968
19596
12180
13536
1425
37758
6825
82460
73964
60705
54614
9272
21900
44375
6068
33670
50297
11737
66690
26481
77653
66612
37765
19375
1640
44
39950
58812
45045
1896
14058
72283
64752
2470
50464
10013
9842
29580
31920
66402
8816
25125
5530
49929
37683
99705
15129
65985
6171
12705
11680
2870
15808
48114
70227
62560
52096
3575
9400
25193
83916
1085
66400
65018
34365
75670
24310
43010
63168
12375
23004
13568
95680
4928
40194
42120
71780
16854
65627
4375
3660
43605
8732
1278
30222
53703
53064
7912
9215
12470
21411
81600
94608
83850
95645
14058
27156
48203
68688
71175
63597
65949
21033
40089
48165
91936
52136
95325
7900
41808
14520
19980
21648
1032
10323
30800
62769
3780
5046
32786
4160
12616
23750
8690
92560
26117
12276
21420
33031
21594
58497
78570
45927
55556
7163
51330
26840
2628
31603
78732
423
88451
2565
19162
2538
2491
31755
30821
11914
20480
35853
21315
27454
38726
70574
29140
21672
5890
34839
43896
57319
27931
60606
2904
5412
5814
7128
66300
60756
58290
27404
80154
25192
50976
95404
3025
22372
30336
32785
32890
28224
13376
1972
5535
16675
57105
88044
57159
67338
47838
2697
91287
39962
58930
58590
16638
25404
43264
57600
10904
4453
14375
72828
47515
44030
96875
6498
73425
3528
56056
36024
72865
35853
63104
12690
72072
73986
34850
36000
9243
30576
6254
17825
39672
12771
42160
6570
5945
19573
24696
64320
39445
9968
94116
41800
47824
4559
30705
64768
77700
61006
65688
55224
22743
91
6625
6721
10507
22143
38628
37111
19019
92235
64672
4485
48888
76734
344
16576
630
29232
75919
20167
58384
54448
15435
44286
5453
66750
56210
90738
9028
54250
76869
6308
19855
82998
57288
24816
87754
19296
2937
80240
6615
35696
16430
31020
93357
5950
34968
63012
24531
2150
45510
2812
46138
46410
292
9570
31892
69938
45214
14490
54
10804
78234
24037
23826
94164
47957
79515
30450
44838
9135
12267
6300
2343
46648
22776
30135
69445
17917
75530
26784
39576
24472
71136
28644
2706
12078
38412
31680
63450
54390
705
87720
33814
36414
40320
1794
3774
43575
31248
2299
86072
805
40280
10812
10051
5952
34606
36244
20625
7047
67431
3168
4860
15694
2968
61740
86359
73040
58080
97704
26486
53250
24157
11543
13797
59850
72716
65572
29040
6800
1848
98604
25530
61383
14812
95645
29346
29097
71456
28116
32144
1633
44965
39591
66456
928
49348
15753
1850
19491
84318
4085
76875
21574
24320
63364
28823
90280
98277
49928
4788
27434
91881
16900
42284
11232
44770
22440
27260
6364
51887
65880
66063
32103
58512
40959
3397
28435
97461
22015
6840
50654
46200
33733
93440
57017
33614
47104
41440
1131
52768
89
49375
58652
93720
5863
88480
51830
29963
20384
57013
62894
11286
62271
32696
54880
39026
40326
39100
43719
31746
348
39780
18944
19765
19750
11250
56870
75366
3640
37023
5518
231
92598
27993
28035
63279
8540
75680
80500
18352
87285
85683
91568
8991
64484
13430
12956
9177
86072
5994
87381
18408
12298
5625
47328
4221
62478
66091
38456
98527
35105
14110
15067
10881
25123
60333
26166
24367
1976
70520
6776
86284
91840
87969
29682
11570
25024
98049
1156
51170
31240
10602
23534
36890
34300
92250
94240
66700
26082
42955
29546
1062
98892
46592
44415
33630
8500
3160
12321
65860
64233
8294
67201
27264
69125
192
96120
98164
22440
92026
62530
91553
73372
74936
76956
8450
55678
16884
21242
40404
85697
53000
736
1885
9021
31416
5226
51714
92720
18361
13013
92000
49450
78141
41391
21726
12284
82928
55825
13035
70784
17380
203
171
77805
48552
105
33872
25795
16116
81008
55692
41446
12395
96255
56304
82432
58800
90951
58938
28500
40200
41613
82992
50032
97468
79350
67425
83304
81549
1824
91047
29808
11800
38019
57475
44055
83700
25010
12642
8979
85827
33300
80360
57889
1554
2842
45105
35739
22908
57564
54312
62062
49984
9400
17266
46546
7104
11466
73205
10600
429
5110
73278
89981
88800
22880
24272
817
67915
17360
13200
78793
71552
10088
1320
41209
45552
1449
85952
22419
40545
41310
28842
17719
25897
13500
44032
21830
84728
36465
22575
11492
56721
33957
57387
975
33263
82140
6248
12775
84568
99099
92708
71478
57664
70956
19552
25665
87374
4725
12220
28054
64080
85400
76895
66564
16940
67095
1431
6480
10824
41830
32509
9594
43350
56056
23548
590
27645
97336
27880
91471
29415
5695
94656
68448
1976
8602
47709
12096
29463
45552
51520
99057
29887
770
3213
30899
77035
25456
23166
1736
27104
37587
3311
20100
490
66125
94705
23529
52731
3003
53009
777
46080
84925
60711
56168
71001
60500
35880
7659
73472
2345
8300
94380
52029
10653
14308
22704
22382
9272
3960
94600
47436
43350
74214
13718
22344
64408
73200
45849
37170
71824
16790
34675
27716
8073
77163
81461
36464
6402
52207
48880
31464
55796
5475
54694
4180
9245
7686
6696
29696
13578
5922
29640
30652
87291
47328
30212
1081
19110
74460
78144
18375
56695
1078
22568
15521
34840
86549
40700
20746
48576
45152
85904
44485
43524
62426
17748
62752
90280
46371
13356
7163
86559
5874
4161
22113
66992
84474
5324
62678
75650
22795
30682
41535
38335
15088
16393
81702
3599
10304
9635
61992
4828
80514
53010
66240
24420
98758
19314
29892
20655
94794
5160
21465
582
2816
56889
14586
16150
58377
27048
34408
23450
40549
14685
9072
51200
45560
22892
14208
70623
22892
8200
97092
17501
43680
69836
69832
60160
8030
656
24157
4123
7500
39527
495
1573
19090
95004
13440
51128
96921
78336
15609
35550
3268
80388
19824
23436
16415
742
474
13454
96320
77350
74542
68211
17654
17664
9842
11165
62920
1419
16206
77350
8645
26460
7770
40172
17766
250
62084
37202
92250
73332
658
60333
55991
33733
32643
64505
18576
4495
1968
50713
13824
12992
2343
14454
57618
74750
5920
26199
57096
10240
60420
30056
10906
25404
98865
32508
66978
49383
90720
65250
51901
6624
94572
83187
58956
42025
74124
35872
31450
46256
19208
25134
26772
64061
990
40158
95648
2303
8960
38844
77625
30740
40937
72098
7209
6290
85994
33212
8910
40504
19557
14337
91553
759
35438
2197
8094
6279
7950
780
29640
55470
14673
38532
50787
272
7632
672
56916
20119
29750
22989
29184
59995
8323
1320
8468
63189
12400
74562
33370
13122
67915
9315
1435
21681
19228
49126
27307
4347
92272
78400
46360
2444
93296
60844
55290
13091
10406
10878
7524
99144
84420
16562
2368
7056
77330
10270
67252
80417
1953
97900
20709
14147
54604
13695
53872
43095
68688
22253
62835
33669
9044
28652
11454
2596
5616
14204
12255
17885
71709
15435
11505
28747
15232
37444
60102
2301
10325
72570
91632
4370
84864
54033
46992
40138
87494
40716
54808
31584
77787
74820
75075
86346
32928
10320
23595
24208
790
27328
35443
38157
18491
25461
83496
50623
6534
12728
4130
5985
3024
41616
60421
46137
175
51701
62565
16116
65450
55545
25404
52332
36024
75117
43215
26936
37510
22795
92966
86735
97440
96350
12341
79120
4118
1100
21771
46875
52546
65968
38157
16348
12054
1003
47519
47437
13936
87360
82838
25568
55776
10725
66953
61541
9976
13718
93757
2460
456
32844
10816
68992
62694
3553
12816
6919
76538
24211
57970
49275
36250
19355
16800
5328
15930
1856
59719
48000
57828
74989
6665
41000
36920
2057
901
39270
768
24790
27209
25517
10948
1580
11250
56212
816
30317
50320
50463
17622
40843
18750
36049
16590
10395
6149
69819
51034
21970
15732
122
8236
9016
30537
47336
18469
82992
46835
21793
6475
9840
2037
64232
87482
92880
26910
35250
13983
7480
83028
13588
45312
53064
16767
21904
29078
2442
62
11289
10944
387
1898
27797
1704
72819
57200
4692
13272
44544
28875
76960
292
93351
84535
44733
10478
55473
62953
78948
41514
93702
4182
16100
4046
73960
80960
80189
47570
24332
73815
82646
27232
67257
67620
36600
62712
2
73720
94668
75764
19434
1887
31535
6254
78988
8170
87451
49600
1178
6887
25568
4116
3320
28934
50531
83249
42312
61952
91805
3196
7293
2821
31350
32319
32256
56392
4148
95760
8294
23140
92538
133
15162
89723
20352
81780
3510
6110
1702
83916
39220
70325
93119
65490
20500
8427
81141
34286
69750
40290
46610
68381
78352
80600
10804
17112
21801
35464
26796
61065
27
17136
78470
61009
28215
26085
48763
71213
84084
17150
670
57096
3956
66564
6042
81090
26680
66368
75978
8208
50025
6750
77988
9804
35250
3060
3294
73117
55924
56166
73627
27930
2075
74008
34086
55180
47808
54571
54145
48552
89523
6256
48240
14763
7105
85374
16896
25201
56575
15336
16643
6580
2430
2700
14355
9612
81252
42364
11825
98164
56454
30246
79980
41616
1113
625
66483
24960
68870
77221
51984
57460
16830
92720
52785
99000
10224
64061
72270
21090
39091
43896
55233
30702
21824
46397
32759
69513
17415
4785
98865
82305
70518
14840
31752
18377
89056
10292
4524
35380
32509
82668
76725
59013
30855
97236
91080
1105
25915
22265
86802
24832
1692
73164
34476
155
3124
51824
4085
26199
52456
60588
40375
93960
54418
26070
5887
43654
5684
85952
59125
82075
24863
35776
53475
568
36421
89093
90895
43384
11856
43384
45900
41949
54112
27807
486
1700
76368
15744
11253
69139
8729
11907
21850
8177
59630
51516
2583
51313
58667
47558
35344
84378
7965
35280
30090
40836
89243
93375
54780
37
66550
89815
41600
1976
15158
25631
66352
87374
66690
58650
52704
15470
38114
20511
83996
246
42624
35793
93500
418
8772
93931
41650
39339
3375
88412
15744
2037
22428
15691
74592
20493
18425
75048
24010
27440
81965
21725
53466
25080
76472
33024
71630
4185
13260
15435
2553
1681
3618
26013
63085
47918
77532
99826
1595
51903
66339
81792
25461
52260
21165
10812
68620
10045
4720
18423
2537
4896
54940
490
85833
38940
19266
6174
89318
450
36501
23004
23275
39788
50337
26656
25857
37224
24157
85583
13038
40095
11875
60775
33733
42300
3658
2275
25026
2450
85715
7035
77615
57187
6860
99552
10660
42273
38704
23408
19684
52824
72504
9548
82418
28188
22365
10865
46875
41503
40365
213
86430
28836
86000
70500
57717
31944
15170
76956
1600
36285
43384
86151
39816
59892
10304
44175
2856
1848
1443
84680
98700
78936
34749
41272
8085
3608
8541
20808
57057
31872
84500
4459
59262
75576
13689
81270
76664
4365
98371
46004
19116
7847
35211
513
49619
18011
32062
62856
24854
50713
11151
31524
70125
31857
59007
4836
8866
12502
16000
56064
5824
23606
35840
14874
11020
25517
44384
5256
98022
21228
7930
7605
32079
2387
14036
21504
7372
15687
33231
2546
74727
2175
62001
80580
590
99864
11583
94875
1064
11374
24966
5330
19208
57942
31500
29820
18630
84609
32396
42822
35378
36963
56144
65059
17424
43384
60270
10902
54560
26560
12993
27434
1743
2310
79827
81672
59670
36992
14396
54036
42849
87120
54464
4183
3700
64713
1798
46632
4230
95220
2907
96750
11687
14070
12719
73556
38352
88218
68794
70950
15840
22815
84546
51051
61380
98368
22910
32868
28341
16646
47937
16698
63812
9061
22981
1573
7
23660
76109
57868
4002
96750
26195
8910
30316
25665
88816
77959
97200
67048
1445
18468
12810
67221
84640
14283
93062
80940
1650
97280
8721
71736
2926
97552
203
14904
37000
51240
68782
5035
17160
39008
78561
39960
22185
68850
22880
237
23870
34937
17544
73372
60458
4929
11570
92928
82325
26550
75576
9240
62062
178
15867
84065
82533
31684
52316
34365
96030
94962
45279
29403
1407
85034
91125
21866
29638
10906
80960
4462
8176
84796
78526
6424
73283
6210
57728
1711
12768
98020
24827
80240
18525
56867
25921
49818
30222
53250
19520
81408
66700
36722
14240
13547
6105
52215
80122
58609
98280
1936
59267
76650
24738
36244
37927
10720
29754
29435
79210
21049
28861
35912
14632
33915
36100
52122
29100
34974
34122
1274
11264
1656
84100
60632
73150
60352
58464
27550
5103
98685
4514
25168
43290
120
7659
72293
18734
10088
7035
17963
36656
71
42344
3975
2223
18067
52890
23424
3515
97696
81313
35003
18241
4961
1680
19750
230
1739
3496
28475
3933
85715
24321
78732
76544
5390
58149
30104
49130
68614
26344
79856
77720
59856
75000
61625
1760
1378
12635
64009
11180
99636
41230
72250
96866
92538
2704
37479
32895
83482
820
416
34034
10800
24656
7568
26273
88319
15158
94537
539
85320
49751
41745
28294
54684
76050
4270
86903
33200
49691
60876
37111
73750
8602
25886
39128
31691
85272
36425
67522
55811
41904
59780
14196
11424
1166
38766
94572
58292
74783
3102
56644
40150
5335
21025
3705
11739
83640
65254
77064
2516
47005
99567
5664
15314
22649
4050
3071
37539
14946
46560
8772
77418
57687
1624
3040
89817
21465
25600
43645
45396
60329
92929
99061
61992
48400
25333
57664
1185
52326
57187
63750
71489
72111
37642
29548
15052
13846
54033
14208
39000
31863
33516
7128
56327
20535
97104
58140
25010
77532
8614
63948
83780
13754
26220
6327
24120
86779
266
16170
24650
41610
24552
12040
49025
47685
1
41328
24453
13192
5428
28835
26270
66861
94772
52440
40455
37989
1960
58377
15996
95948
11130
51982
35139
28322
79328
16878
25272
20237
43301
26145
23392
27671
37
43808
7203
10658
49179
49959
55484
9928
19872
1100
15910
55022
24010
1472
97608
29913
40768
32760
42237
1829
87084
93513
71645
77875
2241
57159
52332
93654
91377
98260
24576
3234
61880
61047
7546
13916
8505
67032
34099
21386
516
67116
23360
61750
10980
43845
92259
53130
40052
25300
41038
56658
22776
25795
53404
88145
19665
81696
24596
92191
80496
51350
54166
11270
2597
24840
38532
72928
1127
41393
16401
3551
37630
46970
5863
41412
47523
320
9164
26508
15250
5022
472
69360
11025
9386
23595
286
74290
37884
31671
74562
1845
8555
57362
43560
16616
67782
28203
3417
77894
37636
265
22400
41300
94185
39032
33250
43350
14931
43554
5820
2928
34830
88924
33696
86136
33840
21170
76797
1015
18837
6314
5332
30294
38860
2840
132
37088
98642
90307
97704
76
23790
96876
83083
40592
57222
83520
854
28897
5453
73206
83237
62250
30528
75516
73749
96250
776
51680
28836
74752
93600
56327
24769
30429
6716
18060
5056
48735
86411
33276
8436
14875
97468
27255
48050
54194
47144
16121
2860
14288
99769
36980
58696
2256
33046
36162
36540
60830
4598
28743
2231
78925
64625
36946
18802
39345
36363
56606
2848
67320
59670
21172
34839
392
35200
63504
65475
43602
32227
49654
94299
6106
12920
66339
2527
56960
44020
62307
20273
12673
38700
26784
86681
81536
62928
59276
31691
6834
59408
43953
70153
2256
19176
27966
93555
43400
41070
16740
2835
3078
790
92220
76986
1218
6844
30317
26560
34968
3384
7260
11210
55913
64242
8733
17982
27202
72261
78750
95238
52955
64125
48312
7011
96976
38272
24857
2197
90304
75933
68198
43384
9477
27454
34017
24600
22059
31217
95526
41250
21204
14442
3645
52049
92862
22400
26320
73788
38610
36352
17437
73602
56457
43575
44289
81340
11715
97356
33370
85644
36423
80475
12614
87084
3618
7600
68572
47304
78475
36358
5238
3689
6693
70929
9464
94276
63595
83752
27354
21340
581
59653
2356
38324
10140
94075
3828
57475
6560
26082
57316
96301
55458
21344
20923
27621
511
33534
26412
67155
26448
16093
60888
2133
62997
6640
3450
20709
46208
10767
16296
78684
11191
23790
13024
9044
59427
39962
58976
35964
52503
12383
2220
27135
9207
32121
69207
78085
25632
735
5382
66150
26
7708
22627
61248
1817
37
93351
21756
41140
96030
1776
64736
14000
69720
8844
10150
59413
50813
6035
17710
32384
59840
90335
45994
46342
14750
52569
6608
95316
62342
86411
9152
15045
24541
45260
39990
4209
1443
52700
8050
1419
136
22752
8900
38860
1590
39326
470
7049
85470
65559
99828
61404
24339
58500
87120
91160
18865
1272
69445
8970
58032
10656
1573
82460
23406
21879
24831
29748
12084
93375
38171
1116
96976
76194
36480
50430
22165
6318
26611
79497
63536
14283
98784
18117
54954
4592
13005
64965
16807
60858
81634
27588
67983
2698
36260
66263
69776
89474
97384
67095
286
21318
25564
4278
33135
75762
83592
20140
83810
22515
12932
4233
54612
12090
57936
11470
54050
2944
93496
68476
82770
1885
74222
11115
27450
60192
42009
5548
25410
1369
2440
517
45279
960
66263
4797
19737
93808
74205
10736
2755
40535
70262
52598
62160
10335
468
7885
16807
8911
99705
43214
48048
98315
2597
43165
44896
1235
24480
51824
4805
8742
62645
43824
45600
65604
47101
45628
31570
4425
29302
8099
78045
6251
67963
23086
3380
16225
40572
73568
68628
81928
6461
2412
55930
10626
187
34596
69212
37392
5618
72688
4620
4278
13509
89670
8883
44625
4536
20367
68080
68675
12996
72226
98397
2737
2457
25440
33000
60125
33496
83942
61824
86715
4611
62377
42700
75768
48585
17710
17670
18601
2175
57362
62176
17928
8584
2695
445
74035
24832
23288
7154
5785
1628
65408
42550
72917
57584
945
29187
31980
41400
77350
53095
39715
1541
62186
63232
37632
24684
69632
22504
61938
88775
51264
8109
93120
15652
884
28567
13547
208
7372
51968
37375
86152
18490
79596
39204
54272
91368
78812
26264
62328
15379
16685
31217
24768
84800
23485
6954
18031
27966
6080
66690
27966
54908
36080
9823
27335
46110
65408
18447
40044
65527
28670
5418
5434
12663
18879
82708
70756
1554
89349
15435
86478
18920
44979
7992
390
34680
40455
87880
17825
71604
9976
15936
33327
8918
3599
30016
51792
48951
4370
39382
16133
33449
34892
43512
29072
31155
87320
86241
21714
90651
71340
61504
60520
71040
98406
6630
67363
2375
41296
6768
44485
81700
4485
1738
14706
27280
97888
52460
79900
49980
14820
67270
78416
30381
26999
7308
99750
87514
1610
21812
1536
31240
22120
4459
57350
84916
35931
98256
56784
32391
71487
83230
20382
55341
11475
14336
53130
7168
6256
3233
60137
86592
148
78430
59697
75110
18425
82147
1156
26696
96903
53165
54872
513
83835
4615
29575
95073
44415
35728
92276
46200
59455
65348
3612
1160
91686
73935
29928
84747
24795
9198
66649
6880
86904
71632
85618
53505
61852
9775
68904
27404
40300
22260
20493
913
4234
9027
14535
37524
93177
81634
19980
22059
14418
19173
94299
59570
7497
36941
8944
77252
12635
874
9176
445
41958
77025
6210
40898
1484
6336
93993
7298
99840
7548
72912
63190
18634
58327
26845
45600
22750
68172
2968
33099
49938
24490
17081
3763
11715
28290
9028
32856
6643
4288
74400
27090
750
24780
73876
69861
22692
47223
43560
31025
76626
17324
37050
4400
47138
63616
18744
55290
53720
33620
10944
29068
5032
36425
11529
71775
42997
16815
44165
86000
76797
55296
21200
29000
53922
6528
14768
44737
31995
63750
38016
92820
2002
66330
61915
31490
40936
29260
76250
50149
4625
23276
16168
2850
87320
15477
2840
11928
57350
56604
55955
42636
24375
24633
58460
94714
40678
95985
12642
55167
6279
71442
2565
82082
9728
59356
20646
53009
58750
11092
89355
10998
59048
12597
22154
61893
87360
8820
357
6612
45135
29480
27047
11544
9086
85715
6860
75520
39326
25802
2150
30758
88466
17457
21996
93148
36176
18980
23250
49896
50653
12331
69420
10824
81200
99360
41553
99008
53067
41971
99522
164
48880
37479
21243
24187
83839
36935
22701
33174
47790
42021
18676
22302
62980
36580
55361
6072
49044
93217
3339
17459
13875
57017
21689
95265
19264
16813
25944
26961
17982
27840
1729
5310
82250
90364
651
17956
12402
14514
39589
73704
32627
15257
99400
95353
13983
51850
7290
66748
99897
43165
47495
17556
85527
10335
89125
16048
5967
22475
18792
7175
6069
17395
820
11767
37587
26508
15250
94944
30260
37248
17064
65124
91332
56658
43416
29711
17538
53131
33733
39516
35443
61480
7040
7437
6475
4248
125
90312
86505
35916
13542
32495
42720
84150
21660
92750
95875
90552
64372
15022
14807
80883
47519
92625
7134
41553
47558
2880
53946
70
1494
36125
32422
60775
82824
15390
59295
57133
93896
75164
65170
92598
4599
1833
34884
4240
3440
49588
12040
81774
2783
7176
97704
95580
9882
1364
38454
93654
10830
38544
36482
23463
10428
2945
85629
43741
56938
1911
8178
38726
2407
46552
25899
55924
12980
65059
50976
205
54270
459
9102
5395
3857
13674
19656
27690
33516
12376
324
3009
92455
256
77653
19671
31801
50840
9828
3660
99138
41772
8968
54600
57904
31042
15104
2324
92697
8103
19296
89100
33725
82917
35002
50901
83997
55862
46531
29725
20618
52725
37200
68
46720
40227
37037
80109
31360
80520
15540
6764
28060
21489
33855
34916
8084
68255
29835
88800
3348
14152
94770
9583
2697
61841
27750
16393
4675
33579
10890
18960
26280
1081
7320
11407
36421
84681
8875
53950
4556
60075
77274
82289
13580
30030
35910
97478
63984
66125
1216
81567
81972
69748
98415
43092
24548
52955
7888
8064
679
8162
46529
72562
39508
2376
43092
93043
455
26320
9801
90354
43146
40180
39425
83049
8892
12744
9636
6566
37630
73997
21850
32589
44676
58725
15022
49980
19780
22344
9875
8798
67716
15678
18565
30590
16080
2331
87285
55664
5280
14952
99710
86450
5616
5456
9088
8330
88110
8307
7638
39338
53253
61132
9633
1749
1189
56129
4394
47005
13688
43452
66674
34974
96748
66154
10902
38285
3431
58374
14514
12818
19936
13098
46905
1508
52540
66572
41360
5824
3762
23125
64090
20956
89280
49538
45880
17017
55811
68479
92655
2128
15768
84906
85994
33930
92496
9443
99613
52461
25440
28006
1068
55352
27495
80845
31950
40870
25795
27639
90272
6897
19663
86564
21242
2520
7310
66953
7395
776
475
90596
51875
3450
9126
12580
8643
118
70272
56869
37996
356
40635
171
22218
54395
10336
4648
2590
7511
7488
21700
28914
7052
54516
27195
20570
3128
